 i, m(i) , mdata(i) , weights(i) , loss(1,i) ,nobs(i)
   1,          0.10968295,          0.10851000,       6250.00000000,         -0.00117295,   1167,0_Assets     _Age_51._55._Mar_1._1._Fem_-999._999._Kid_-999._999._Edu_-999._999._XP_-999._999._FXP_-999._999._Coh_-999._999._LFP_-999._999._FLFP_-999._999._Ass_-999._999._Year_-999._999.              
   2,          0.10225141,          0.06216000,       9090.90909091,         -0.04009141,   1066,0_Assets     _Age_56._61._Mar_1._1._Fem_-999._999._Kid_-999._999._Edu_-999._999._XP_-999._999._FXP_-999._999._Coh_-999._999._LFP_-999._999._FLFP_-999._999._Ass_-999._999._Year_-999._999.              
   3,          0.09166667,          0.07452000,       5882.35294118,         -0.01714667,    840,0_Assets     _Age_61._66._Mar_1._1._Fem_-999._999._Kid_-999._999._Edu_-999._999._XP_-999._999._FXP_-999._999._Coh_-999._999._LFP_-999._999._FLFP_-999._999._Ass_-999._999._Year_-999._999.              
   4,          0.17151163,          0.17834000,       1075.26881720,          0.00682837,    344,0_Assets     _Age_51._55._Mar_0._0._Fem_1._1._Kid_-999._999._Edu_-999._999._XP_-999._999._FXP_-999._999._Coh_-999._999._LFP_-999._999._FLFP_-999._999._Ass_-999._999._Year_-999._999.                   
   5,          0.27639752,          0.15287000,       1219.51219512,         -0.12352752,    322,0_Assets     _Age_56._61._Mar_0._0._Fem_1._1._Kid_-999._999._Edu_-999._999._XP_-999._999._FXP_-999._999._Coh_-999._999._LFP_-999._999._FLFP_-999._999._Ass_-999._999._Year_-999._999.                   
   6,          0.21710526,          0.16352000,       1162.79069767,         -0.05358526,    304,0_Assets     _Age_61._66._Mar_0._0._Fem_1._1._Kid_-999._999._Edu_-999._999._XP_-999._999._FXP_-999._999._Coh_-999._999._LFP_-999._999._FLFP_-999._999._Ass_-999._999._Year_-999._999.                   
   7,          0.13824885,          0.17241000,        609.75609756,          0.03416115,    217,0_Assets     _Age_51._55._Mar_0._0._Fem_0._0._Kid_-999._999._Edu_-999._999._XP_-999._999._FXP_-999._999._Coh_-999._999._LFP_-999._999._FLFP_-999._999._Ass_-999._999._Year_-999._999.                   
   8,          0.10365854,          0.22857000,        396.82539683,          0.12491146,    164,0_Assets     _Age_56._61._Mar_0._0._Fem_0._0._Kid_-999._999._Edu_-999._999._XP_-999._999._FXP_-999._999._Coh_-999._999._LFP_-999._999._FLFP_-999._999._Ass_-999._999._Year_-999._999.                   
   9,          0.12598425,          0.37500000,        238.66348449,          0.24901575,    127,0_Assets     _Age_61._66._Mar_0._0._Fem_0._0._Kid_-999._999._Edu_-999._999._XP_-999._999._FXP_-999._999._Coh_-999._999._LFP_-999._999._FLFP_-999._999._Ass_-999._999._Year_-999._999.                   
  10,          0.30248500,          0.22204000,       3448.27586207,         -0.08044500,   1167,Assets<5     _Age_51._55._Mar_1._1._Fem_-999._999._Kid_-999._999._Edu_-999._999._XP_-999._999._FXP_-999._999._Coh_-999._999._LFP_-999._999._FLFP_-999._999._Ass_-999._999._Year_-999._999.              
  11,          0.29080675,          0.17733000,       3703.70370370,         -0.11347675,   1066,Assets<5     _Age_56._61._Mar_1._1._Fem_-999._999._Kid_-999._999._Edu_-999._999._XP_-999._999._FXP_-999._999._Coh_-999._999._LFP_-999._999._FLFP_-999._999._Ass_-999._999._Year_-999._999.              
  12,          0.30119048,          0.18510000,       2777.77777778,         -0.11609048,    840,Assets<5     _Age_61._66._Mar_1._1._Fem_-999._999._Kid_-999._999._Edu_-999._999._XP_-999._999._FXP_-999._999._Coh_-999._999._LFP_-999._999._FLFP_-999._999._Ass_-999._999._Year_-999._999.              
  13,          0.47383721,          0.18471000,       1041.66666667,         -0.28912721,    344,Assets<5     _Age_51._55._Mar_0._0._Fem_1._1._Kid_-999._999._Edu_-999._999._XP_-999._999._FXP_-999._999._Coh_-999._999._LFP_-999._999._FLFP_-999._999._Ass_-999._999._Year_-999._999.                   
  14,          0.31677019,          0.22293000,        909.09090909,         -0.09384019,    322,Assets<5     _Age_56._61._Mar_0._0._Fem_1._1._Kid_-999._999._Edu_-999._999._XP_-999._999._FXP_-999._999._Coh_-999._999._LFP_-999._999._FLFP_-999._999._Ass_-999._999._Year_-999._999.                   
  15,          0.40131579,          0.26415000,        819.67213115,         -0.13716579,    304,Assets<5     _Age_61._66._Mar_0._0._Fem_1._1._Kid_-999._999._Edu_-999._999._XP_-999._999._FXP_-999._999._Coh_-999._999._LFP_-999._999._FLFP_-999._999._Ass_-999._999._Year_-999._999.                   
  16,          0.41935484,          0.17241000,        609.75609756,         -0.24694484,    217,Assets<5     _Age_51._55._Mar_0._0._Fem_0._0._Kid_-999._999._Edu_-999._999._XP_-999._999._FXP_-999._999._Coh_-999._999._LFP_-999._999._FLFP_-999._999._Ass_-999._999._Year_-999._999.                   
  17,          0.42682927,          0.22857000,        396.82539683,         -0.19825927,    164,Assets<5     _Age_56._61._Mar_0._0._Fem_0._0._Kid_-999._999._Edu_-999._999._XP_-999._999._FXP_-999._999._Coh_-999._999._LFP_-999._999._FLFP_-999._999._Ass_-999._999._Year_-999._999.                   
  18,          0.50393701,          0.21429000,        332.22591362,         -0.28964701,    127,Assets<5     _Age_61._66._Mar_0._0._Fem_0._0._Kid_-999._999._Edu_-999._999._XP_-999._999._FXP_-999._999._Coh_-999._999._LFP_-999._999._FLFP_-999._999._Ass_-999._999._Year_-999._999.                   
  19,          0.13110540,          0.16694000,       4347.82608696,          0.03583460,   1167,Assets<10     _Age_51._55._Mar_1._1._Fem_-999._999._Kid_-999._999._Edu_-999._999._XP_-999._999._FXP_-999._999._Coh_-999._999._LFP_-999._999._FLFP_-999._999._Ass_-999._999._Year_-999._999.             
  20,          0.11538462,          0.18099000,       3703.70370370,          0.06560538,   1066,Assets<10     _Age_56._61._Mar_1._1._Fem_-999._999._Kid_-999._999._Edu_-999._999._XP_-999._999._FXP_-999._999._Coh_-999._999._LFP_-999._999._FLFP_-999._999._Ass_-999._999._Year_-999._999.             
  21,          0.10357143,          0.16346000,       3030.30303030,          0.05988857,    840,Assets<10     _Age_61._66._Mar_1._1._Fem_-999._999._Kid_-999._999._Edu_-999._999._XP_-999._999._FXP_-999._999._Coh_-999._999._LFP_-999._999._FLFP_-999._999._Ass_-999._999._Year_-999._999.             
  22,          0.12500000,          0.15924000,       1176.47058824,          0.03424000,    344,Assets<10     _Age_51._55._Mar_0._0._Fem_1._1._Kid_-999._999._Edu_-999._999._XP_-999._999._FXP_-999._999._Coh_-999._999._LFP_-999._999._FLFP_-999._999._Ass_-999._999._Year_-999._999.                  
  23,          0.09937888,          0.14650000,       1250.00000000,          0.04712112,    322,Assets<10     _Age_56._61._Mar_0._0._Fem_1._1._Kid_-999._999._Edu_-999._999._XP_-999._999._FXP_-999._999._Coh_-999._999._LFP_-999._999._FLFP_-999._999._Ass_-999._999._Year_-999._999.                  
  24,          0.12828947,          0.14465000,       1282.05128205,          0.01636053,    304,Assets<10     _Age_61._66._Mar_0._0._Fem_1._1._Kid_-999._999._Edu_-999._999._XP_-999._999._FXP_-999._999._Coh_-999._999._LFP_-999._999._FLFP_-999._999._Ass_-999._999._Year_-999._999.                  
  25,          0.19815668,          0.16092000,        645.16129032,         -0.03723668,    217,Assets<10     _Age_51._55._Mar_0._0._Fem_0._0._Kid_-999._999._Edu_-999._999._XP_-999._999._FXP_-999._999._Coh_-999._999._LFP_-999._999._FLFP_-999._999._Ass_-999._999._Year_-999._999.                  
  26,          0.14634146,          0.18571000,        462.96296296,          0.03936854,    164,Assets<10     _Age_56._61._Mar_0._0._Fem_0._0._Kid_-999._999._Edu_-999._999._XP_-999._999._FXP_-999._999._Coh_-999._999._LFP_-999._999._FLFP_-999._999._Ass_-999._999._Year_-999._999.                  
  27,          0.15748031,          0.12500000,        512.82051282,         -0.03248031,    127,Assets<10     _Age_61._66._Mar_0._0._Fem_0._0._Kid_-999._999._Edu_-999._999._XP_-999._999._FXP_-999._999._Coh_-999._999._LFP_-999._999._FLFP_-999._999._Ass_-999._999._Year_-999._999.                  
  28,          0.45672665,          0.33556000,       2702.70270270,         -0.12116665,   1167,Assets>10     _Age_51._55._Mar_1._1._Fem_-999._999._Kid_-999._999._Edu_-999._999._XP_-999._999._FXP_-999._999._Coh_-999._999._LFP_-999._999._FLFP_-999._999._Ass_-999._999._Year_-999._999.             
  29,          0.49155722,          0.37477000,       2325.58139535,         -0.11678722,   1066,Assets>10     _Age_56._61._Mar_1._1._Fem_-999._999._Kid_-999._999._Edu_-999._999._XP_-999._999._FXP_-999._999._Coh_-999._999._LFP_-999._999._FLFP_-999._999._Ass_-999._999._Year_-999._999.             
  30,          0.50357143,          0.38702000,       1754.38596491,         -0.11655143,    840,Assets>10     _Age_61._66._Mar_1._1._Fem_-999._999._Kid_-999._999._Edu_-999._999._XP_-999._999._FXP_-999._999._Coh_-999._999._LFP_-999._999._FLFP_-999._999._Ass_-999._999._Year_-999._999.             
  31,          0.22965116,          0.29299000,        757.57575758,          0.06333884,    344,Assets>10     _Age_51._55._Mar_0._0._Fem_1._1._Kid_-999._999._Edu_-999._999._XP_-999._999._FXP_-999._999._Coh_-999._999._LFP_-999._999._FLFP_-999._999._Ass_-999._999._Year_-999._999.                  
  32,          0.30745342,          0.33121000,        709.21985816,          0.02375658,    322,Assets>10     _Age_56._61._Mar_0._0._Fem_1._1._Kid_-999._999._Edu_-999._999._XP_-999._999._FXP_-999._999._Coh_-999._999._LFP_-999._999._FLFP_-999._999._Ass_-999._999._Year_-999._999.                  
  33,          0.25328947,          0.28931000,        775.19379845,          0.03602053,    304,Assets>10     _Age_61._66._Mar_0._0._Fem_1._1._Kid_-999._999._Edu_-999._999._XP_-999._999._FXP_-999._999._Coh_-999._999._LFP_-999._999._FLFP_-999._999._Ass_-999._999._Year_-999._999.                  
  34,          0.24423963,          0.25287000,        460.82949309,          0.00863037,    217,Assets>10     _Age_51._55._Mar_0._0._Fem_0._0._Kid_-999._999._Edu_-999._999._XP_-999._999._FXP_-999._999._Coh_-999._999._LFP_-999._999._FLFP_-999._999._Ass_-999._999._Year_-999._999.                  
  35,          0.32317073,          0.24286000,        380.22813688,         -0.08031073,    164,Assets>10     _Age_56._61._Mar_0._0._Fem_0._0._Kid_-999._999._Edu_-999._999._XP_-999._999._FXP_-999._999._Coh_-999._999._LFP_-999._999._FLFP_-999._999._Ass_-999._999._Year_-999._999.                  
  36,          0.21259843,          0.17857000,        381.67938931,         -0.03402843,    127,Assets>10     _Age_61._66._Mar_0._0._Fem_0._0._Kid_-999._999._Edu_-999._999._XP_-999._999._FXP_-999._999._Coh_-999._999._LFP_-999._999._FLFP_-999._999._Ass_-999._999._Year_-999._999.                  
  37,          0.86610979,          0.79890000,      12500.00000000,         -0.06720979,   4190,LFP     _Age_51._55._Mar_-999._999._Fem_0._0._Kid_-999._999._Edu_-999._999._XP_-999._999._FXP_-999._999._Coh_-999._999._LFP_-999._999._FLFP_-999._999._Ass_-999._999._Year_-999._999.                   
  38,          0.84930663,          0.71456000,       7692.30769231,         -0.13474663,   3245,LFP     _Age_56._60._Mar_-999._999._Fem_0._0._Kid_-999._999._Edu_-999._999._XP_-999._999._FXP_-999._999._Coh_-999._999._LFP_-999._999._FLFP_-999._999._Ass_-999._999._Year_-999._999.                   
  39,          0.74153499,          0.56573000,       5263.15789474,         -0.17580499,   2658,LFP     _Age_61._65._Mar_-999._999._Fem_0._0._Kid_-999._999._Edu_-999._999._XP_-999._999._FXP_-999._999._Coh_-999._999._LFP_-999._999._FLFP_-999._999._Ass_-999._999._Year_-999._999.                   
  40,          0.36086270,          0.29718000,       4347.82608696,         -0.06368270,   1901,LFP     _Age_66._70._Mar_-999._999._Fem_0._0._Kid_-999._999._Edu_-999._999._XP_-999._999._FXP_-999._999._Coh_-999._999._LFP_-999._999._FLFP_-999._999._Ass_-999._999._Year_-999._999.                   
  41,          0.21707901,          0.17230000,       4347.82608696,         -0.04477901,   1253,LFP     _Age_71._75._Mar_-999._999._Fem_0._0._Kid_-999._999._Edu_-999._999._XP_-999._999._FXP_-999._999._Coh_-999._999._LFP_-999._999._FLFP_-999._999._Ass_-999._999._Year_-999._999.                   
  42,          0.59879816,          0.38593000,       2439.02439024,         -0.21286816,   2829,LFP     _Age_51._55._Mar_1._1._Fem_1._1._Kid_-999._999._Edu_-999._999._XP_-999._999._FXP_-999._999._Coh_-999._999._LFP_-999._999._FLFP_-999._999._Ass_-999._999._Year_-999._999.                        
  43,          0.33105134,          0.35236000,       1754.38596491,          0.02130866,   2045,LFP     _Age_56._60._Mar_1._1._Fem_1._1._Kid_-999._999._Edu_-999._999._XP_-999._999._FXP_-999._999._Coh_-999._999._LFP_-999._999._FLFP_-999._999._Ass_-999._999._Year_-999._999.                        
  44,          0.21925134,          0.11498000,       2857.14285714,         -0.10427134,   1496,LFP     _Age_61._65._Mar_1._1._Fem_1._1._Kid_-999._999._Edu_-999._999._XP_-999._999._FXP_-999._999._Coh_-999._999._LFP_-999._999._FLFP_-999._999._Ass_-999._999._Year_-999._999.                        
  45,          0.11727079,          0.04520000,       4166.66666667,         -0.07207079,    938,LFP     _Age_66._70._Mar_1._1._Fem_1._1._Kid_-999._999._Edu_-999._999._XP_-999._999._FXP_-999._999._Coh_-999._999._LFP_-999._999._FLFP_-999._999._Ass_-999._999._Year_-999._999.                        
  46,          0.03276353,          0.03623000,       4000.00000000,          0.00346647,    702,LFP     _Age_71._75._Mar_1._1._Fem_1._1._Kid_-999._999._Edu_-999._999._XP_-999._999._FXP_-999._999._Coh_-999._999._LFP_-999._999._FLFP_-999._999._Ass_-999._999._Year_-999._999.                        
  47,          0.76679842,          0.61279000,       1250.00000000,         -0.15400842,   1771,LFP     _Age_51._55._Mar_0._0._Fem_1._1._Kid_-999._999._Edu_-999._999._XP_-999._999._FXP_-999._999._Coh_-999._999._LFP_-999._999._FLFP_-999._999._Ass_-999._999._Year_-999._999.                        
  48,          0.62123494,          0.41079000,       1000.00000000,         -0.21044494,   1328,LFP     _Age_56._60._Mar_0._0._Fem_1._1._Kid_-999._999._Edu_-999._999._XP_-999._999._FXP_-999._999._Coh_-999._999._LFP_-999._999._FLFP_-999._999._Ass_-999._999._Year_-999._999.                        
  49,          0.29199372,          0.26848000,       1315.78947368,         -0.02351372,   1274,LFP     _Age_61._65._Mar_0._0._Fem_1._1._Kid_-999._999._Edu_-999._999._XP_-999._999._FXP_-999._999._Coh_-999._999._LFP_-999._999._FLFP_-999._999._Ass_-999._999._Year_-999._999.                        
  50,          0.00969932,          0.13810000,       1754.38596491,          0.12840068,   1031,LFP     _Age_66._70._Mar_0._0._Fem_1._1._Kid_-999._999._Edu_-999._999._XP_-999._999._FXP_-999._999._Coh_-999._999._LFP_-999._999._FLFP_-999._999._Ass_-999._999._Year_-999._999.                        
  51,          0.00382653,          0.05556000,       3125.00000000,          0.05173347,    784,LFP     _Age_71._75._Mar_0._0._Fem_1._1._Kid_-999._999._Edu_-999._999._XP_-999._999._FXP_-999._999._Coh_-999._999._LFP_-999._999._FLFP_-999._999._Ass_-999._999._Year_-999._999.                        
  52,          0.00000000,          0.04929000,      33333.33333333,          0.04929000,   3542,LFP     _Age_51._75._Mar_-999._999._Fem_1._1._Kid_-999._999._Edu_-999._999._XP_0._0._FXP_-999._999._Coh_-999._999._LFP_-999._999._FLFP_-999._999._Ass_-999._999._Year_-999._999.                        
  53,          0.45495243,          0.16242000,       7142.85714286,         -0.29253243,   1787,LFP     _Age_51._75._Mar_-999._999._Fem_1._1._Kid_-999._999._Edu_-999._999._XP_0._5._FXP_-999._999._Coh_-999._999._LFP_-999._999._FLFP_-999._999._Ass_-999._999._Year_-999._999.                        
  54,          0.46702923,          0.27842000,       7142.85714286,         -0.18860923,   2942,LFP     _Age_51._75._Mar_-999._999._Fem_1._1._Kid_-999._999._Edu_-999._999._XP_6._15._FXP_-999._999._Coh_-999._999._LFP_-999._999._FLFP_-999._999._Ass_-999._999._Year_-999._999.                       
  55,          0.54131392,          0.48748000,      12500.00000000,         -0.05383392,   5906,LFP     _Age_51._75._Mar_-999._999._Fem_1._1._Kid_-999._999._Edu_-999._999._XP_16._999._FXP_-999._999._Coh_-999._999._LFP_-999._999._FLFP_-999._999._Ass_-999._999._Year_-999._999.                     
  56,          0.33057607,          0.19920000,      25000.00000000,         -0.13137607,  10155,LFP     _Age_51._75._Mar_-999._999._Fem_1._1._Kid_-999._999._Edu_0._7._XP_-999._999._FXP_-999._999._Coh_-999._999._LFP_-999._999._FLFP_-999._999._Ass_-999._999._Year_-999._999.                        
  57,          0.42732291,          0.34527000,       7692.30769231,         -0.08205291,   2174,LFP     _Age_51._75._Mar_-999._999._Fem_1._1._Kid_-999._999._Edu_8._11._XP_-999._999._FXP_-999._999._Coh_-999._999._LFP_-999._999._FLFP_-999._999._Ass_-999._999._Year_-999._999.                       
  58,          0.54261548,          0.42706000,       5000.00000000,         -0.11555548,   1537,LFP     _Age_51._75._Mar_-999._999._Fem_1._1._Kid_-999._999._Edu_12._15._XP_-999._999._FXP_-999._999._Coh_-999._999._LFP_-999._999._FLFP_-999._999._Ass_-999._999._Year_-999._999.                      
  59,          0.83333333,          0.67752000,       1408.45070423,         -0.15581333,    336,LFP     _Age_51._75._Mar_-999._999._Fem_1._1._Kid_-999._999._Edu_16._999._XP_-999._999._FXP_-999._999._Coh_-999._999._LFP_-999._999._FLFP_-999._999._Ass_-999._999._Year_-999._999.                     
  60,          0.44165171,          0.39923000,       2173.91304348,         -0.04242171,   1114,LFP     _Age_51._75._Mar_-999._999._Fem_1._1._Kid_0._0._Edu_-999._999._XP_-999._999._FXP_-999._999._Coh_-999._999._LFP_-999._999._FLFP_-999._999._Ass_-999._999._Year_-999._999.                        
  61,          0.48414844,          0.38581000,       8333.33333333,         -0.09833844,   4069,LFP     _Age_51._75._Mar_-999._999._Fem_1._1._Kid_1._2._Edu_-999._999._XP_-999._999._FXP_-999._999._Coh_-999._999._LFP_-999._999._FLFP_-999._999._Ass_-999._999._Year_-999._999.                        
  62,          0.32575674,          0.25810000,      25000.00000000,         -0.06765674,   9019,LFP     _Age_51._75._Mar_-999._999._Fem_1._1._Kid_3._999._Edu_-999._999._XP_-999._999._FXP_-999._999._Coh_-999._999._LFP_-999._999._FLFP_-999._999._Ass_-999._999._Year_-999._999.                      
  63,          0.09293680,          0.34906000,       1408.45070423,          0.25612320,   1345,LFP     _Age_51._75._Mar_-999._999._Fem_1._1._Kid_-999._999._Edu_-999._999._XP_-999._999._FXP_-999._999._Coh_-999._999._LFP_-999._999._FLFP_-999._999._Ass_-999._999._Year_-999._999.                   
  64,          0.36492891,          0.28019000,       1030.92783505,         -0.08473891,   4220,LFP     _Age_51._75._Mar_-999._999._Fem_1._1._Kid_-999._999._Edu_-999._999._XP_-999._999._FXP_-999._999._Coh_-999._999._LFP_-999._999._FLFP_-999._999._Ass_-999._999._Year_-999._999.                   
  65,          0.33251634,          0.28791000,       2222.22222222,         -0.04460634,   1224,LFP     _Age_51._75._Mar_-999._999._Fem_1._1._Kid_-999._999._Edu_-999._999._XP_-999._999._FXP_-999._999._Coh_-999._999._LFP_-999._999._FLFP_-999._999._Ass_-999._999._Year_-999._999.                   
  66,          0.45229151,          0.28398000,       7142.85714286,         -0.16831151,   6655,LFP     _Age_51._75._Mar_-999._999._Fem_1._1._Kid_-999._999._Edu_-999._999._XP_-999._999._FXP_-999._999._Coh_-999._999._LFP_-999._999._FLFP_-999._999._Ass_-999._999._Year_-999._999.                   
  67,          0.04469413,          0.05668000,      33333.33333333,          0.01198587,   8010,Part-Time     _Age_51._75._Mar_1._1._Fem_1._1._Kid_-999._999._Edu_-999._999._XP_-999._999._FXP_-999._999._Coh_-999._999._LFP_-999._999._FLFP_-999._999._Ass_-999._999._Year_-999._999.                  
  68,          0.03393665,          0.07712000,      16666.66666667,          0.04318335,   6188,Part-Time     _Age_51._75._Mar_0._0._Fem_1._1._Kid_-999._999._Edu_-999._999._XP_-999._999._FXP_-999._999._Coh_-999._999._LFP_-999._999._FLFP_-999._999._Ass_-999._999._Year_-999._999.                  
  69,          0.62634335,          0.57358000,       6666.66666667,         -0.05276335,   3629,FLFP     _Age_51._55._Mar_-999._999._Fem_0._0._Kid_-999._999._Edu_-999._999._XP_-999._999._FXP_-999._999._Coh_-999._999._LFP_1._999._FLFP_-999._999._Ass_-999._999._Year_-999._999.                     
  70,          0.63788099,          0.57042000,       4545.45454545,         -0.06746099,   2756,FLFP     _Age_56._60._Mar_-999._999._Fem_0._0._Kid_-999._999._Edu_-999._999._XP_-999._999._FXP_-999._999._Coh_-999._999._LFP_1._999._FLFP_-999._999._Ass_-999._999._Year_-999._999.                     
  71,          0.54946728,          0.46888000,       2941.17647059,         -0.08058728,   1971,FLFP     _Age_61._65._Mar_-999._999._Fem_0._0._Kid_-999._999._Edu_-999._999._XP_-999._999._FXP_-999._999._Coh_-999._999._LFP_1._999._FLFP_-999._999._Ass_-999._999._Year_-999._999.                     
  72,          0.49271137,          0.38686000,       1149.42528736,         -0.10585137,    686,FLFP     _Age_66._70._Mar_-999._999._Fem_0._0._Kid_-999._999._Edu_-999._999._XP_-999._999._FXP_-999._999._Coh_-999._999._LFP_1._999._FLFP_-999._999._Ass_-999._999._Year_-999._999.                     
  73,          0.52195282,          0.59773000,       4347.82608696,          0.07577718,   3052,FLFP     _Age_51._55._Mar_-999._999._Fem_1._1._Kid_-999._999._Edu_-999._999._XP_-999._999._FXP_-999._999._Coh_-999._999._LFP_1._999._FLFP_-999._999._Ass_-999._999._Year_-999._999.                     
  74,          0.48268975,          0.52769000,       2631.57894737,          0.04500025,   1502,FLFP     _Age_56._60._Mar_-999._999._Fem_1._1._Kid_-999._999._Edu_-999._999._XP_-999._999._FXP_-999._999._Coh_-999._999._LFP_1._999._FLFP_-999._999._Ass_-999._999._Year_-999._999.                     
  75,          0.45285714,          0.41606000,       1123.59550562,         -0.03679714,    700,FLFP     _Age_61._65._Mar_-999._999._Fem_1._1._Kid_-999._999._Edu_-999._999._XP_-999._999._FXP_-999._999._Coh_-999._999._LFP_1._999._FLFP_-999._999._Ass_-999._999._Year_-999._999.                     
  76,          0.37500000,          0.31683000,        467.28971963,         -0.05817000,    120,FLFP     _Age_66._70._Mar_-999._999._Fem_1._1._Kid_-999._999._Edu_-999._999._XP_-999._999._FXP_-999._999._Coh_-999._999._LFP_1._999._FLFP_-999._999._Ass_-999._999._Year_-999._999.                     
  77,          0.46153846,          0.30556000,        169.77928693,         -0.15597846,     26,FLFP     _Age_71._75._Mar_-999._999._Fem_1._1._Kid_-999._999._Edu_-999._999._XP_-999._999._FXP_-999._999._Coh_-999._999._LFP_1._999._FLFP_-999._999._Ass_-999._999._Year_-999._999.                     
  78,          0.53853262,          0.50074000,       8333.33333333,         -0.03779262,   5411,FLFP     _Age_51._75._Mar_-999._999._Fem_0._0._Kid_-999._999._Edu_0._7._XP_-999._999._FXP_-999._999._Coh_-999._999._LFP_1._999._FLFP_-999._999._Ass_-999._999._Year_-999._999.                          
  79,          0.68104575,          0.47842000,       3333.33333333,         -0.20262575,   2295,FLFP     _Age_51._75._Mar_-999._999._Fem_0._0._Kid_-999._999._Edu_8._11._XP_-999._999._FXP_-999._999._Coh_-999._999._LFP_1._999._FLFP_-999._999._Ass_-999._999._Year_-999._999.                         
  80,          0.65227103,          0.62549000,       3333.33333333,         -0.02678103,   1343,FLFP     _Age_51._75._Mar_-999._999._Fem_0._0._Kid_-999._999._Edu_12._15._XP_-999._999._FXP_-999._999._Coh_-999._999._LFP_1._999._FLFP_-999._999._Ass_-999._999._Year_-999._999.                        
  81,          0.68679245,          0.67925000,        970.87378641,         -0.00754245,    265,FLFP     _Age_51._75._Mar_-999._999._Fem_0._0._Kid_-999._999._Edu_16._999._XP_-999._999._FXP_-999._999._Coh_-999._999._LFP_1._999._FLFP_-999._999._Ass_-999._999._Year_-999._999.                       
  82,          0.40065535,          0.37750000,       3448.27586207,         -0.02315535,   3357,FLFP     _Age_51._75._Mar_-999._999._Fem_1._1._Kid_-999._999._Edu_0._7._XP_-999._999._FXP_-999._999._Coh_-999._999._LFP_1._999._FLFP_-999._999._Ass_-999._999._Year_-999._999.                          
  83,          0.50807320,          0.53741000,       2380.95238095,          0.02933680,    929,FLFP     _Age_51._75._Mar_-999._999._Fem_1._1._Kid_-999._999._Edu_8._11._XP_-999._999._FXP_-999._999._Coh_-999._999._LFP_1._999._FLFP_-999._999._Ass_-999._999._Year_-999._999.                         
  84,          0.76618705,          0.63550000,       2272.72727273,         -0.13068705,    834,FLFP     _Age_51._75._Mar_-999._999._Fem_1._1._Kid_-999._999._Edu_12._15._XP_-999._999._FXP_-999._999._Coh_-999._999._LFP_1._999._FLFP_-999._999._Ass_-999._999._Year_-999._999.                        
  85,          0.84285714,          0.87500000,       1886.79245283,          0.03214286,    280,FLFP     _Age_51._75._Mar_-999._999._Fem_1._1._Kid_-999._999._Edu_16._999._XP_-999._999._FXP_-999._999._Coh_-999._999._LFP_1._999._FLFP_-999._999._Ass_-999._999._Year_-999._999.                       
  86,          0.00000000,          0.07853000,       8333.33333333,          0.07853000,   1254,FLFP     _Age_51._75._Mar_-999._999._Fem_0._0._Kid_-999._999._Edu_-999._999._XP_-999._999._FXP_0._0._Coh_-999._999._LFP_1._999._FLFP_-999._999._Ass_-999._999._Year_-999._999.                          
  87,          0.66724138,          0.27684000,       2631.57894737,         -0.39040138,   1740,FLFP     _Age_51._75._Mar_-999._999._Fem_0._0._Kid_-999._999._Edu_-999._999._XP_-999._999._FXP_1._10._Coh_-999._999._LFP_1._999._FLFP_-999._999._Ass_-999._999._Year_-999._999.                         
  88,          0.69242952,          0.68673000,      12500.00000000,         -0.00569952,   6314,FLFP     _Age_51._75._Mar_-999._999._Fem_0._0._Kid_-999._999._Edu_-999._999._XP_-999._999._FXP_11._999._Coh_-999._999._LFP_1._999._FLFP_-999._999._Ass_-999._999._Year_-999._999.                       
  89,          0.00000000,          0.06623000,       7142.85714286,          0.06623000,   1247,FLFP     _Age_51._75._Mar_-999._999._Fem_1._1._Kid_-999._999._Edu_-999._999._XP_-999._999._FXP_0._0._Coh_-999._999._LFP_1._999._FLFP_-999._999._Ass_-999._999._Year_-999._999.                          
  90,          0.56278465,          0.46320000,       1851.85185185,         -0.09958465,   1537,FLFP     _Age_51._75._Mar_-999._999._Fem_1._1._Kid_-999._999._Edu_-999._999._XP_-999._999._FXP_1._10._Coh_-999._999._LFP_1._999._FLFP_-999._999._Ass_-999._999._Year_-999._999.                         
  91,          0.70267131,          0.73768000,       6250.00000000,          0.03500869,   2583,FLFP     _Age_51._75._Mar_-999._999._Fem_1._1._Kid_-999._999._Edu_-999._999._XP_-999._999._FXP_11._999._Coh_-999._999._LFP_1._999._FLFP_-999._999._Ass_-999._999._Year_-999._999.                       
  92,          0.23017194,          0.14200000,      14285.71428571,         -0.08817194,   3606,HHLFP     _Age_51._75._Mar_1._1._Fem_-999._999._Kid_-999._999._Edu_-999._999._XP_-999._999._FXP_-999._999._Coh_-999._999._LFP_-999._999._FLFP_-999._999._Ass_-999._999._Year_-999._999.                 
  93,          0.29173600,          0.34298000,       8333.33333333,          0.05124400,   3606,HHLFP     _Age_51._75._Mar_1._1._Fem_-999._999._Kid_-999._999._Edu_-999._999._XP_-999._999._FXP_-999._999._Coh_-999._999._LFP_-999._999._FLFP_-999._999._Ass_-999._999._Year_-999._999.                 
  94,          0.09068220,          0.06608000,      33333.33333333,         -0.02460220,   3606,HHLFP     _Age_51._75._Mar_1._1._Fem_-999._999._Kid_-999._999._Edu_-999._999._XP_-999._999._FXP_-999._999._Coh_-999._999._LFP_-999._999._FLFP_-999._999._Ass_-999._999._Year_-999._999.                 
  95,          0.52967277,          0.56526000,       7692.30769231,          0.03558723,   3606,HHLFP     _Age_51._75._Mar_1._1._Fem_-999._999._Kid_-999._999._Edu_-999._999._XP_-999._999._FXP_-999._999._Coh_-999._999._LFP_-999._999._FLFP_-999._999._Ass_-999._999._Year_-999._999.                 
  96,          0.77690802,          0.78440000,       1282.05128205,          0.00749198,    511,FtoF     _Age_51._75._Mar_-999._999._Fem_1._1._Kid_-999._999._Edu_-999._999._XP_-999._999._FXP_-999._999._Coh_-999._999._LFP_-999._999._FLFP_-999._999._Ass_1._1._Year_1._1.                            
  97,          0.09001957,          0.08716000,       2777.77777778,         -0.00285957,    511,FtoI     _Age_51._75._Mar_-999._999._Fem_1._1._Kid_-999._999._Edu_-999._999._XP_-999._999._FXP_-999._999._Coh_-999._999._LFP_-999._999._FLFP_-999._999._Ass_1._1._Year_1._1.                            
  98,          0.13307241,          0.12844000,       1960.78431373,         -0.00463241,    511,FtoH     _Age_51._75._Mar_-999._999._Fem_1._1._Kid_-999._999._Edu_-999._999._XP_-999._999._FXP_-999._999._Coh_-999._999._LFP_-999._999._FLFP_-999._999._Ass_1._1._Year_1._1.                            
  99,          0.03865546,          0.13072000,       1351.35135135,          0.09206454,    595,ItoF     _Age_51._75._Mar_-999._999._Fem_1._1._Kid_-999._999._Edu_-999._999._XP_-999._999._FXP_-999._999._Coh_-999._999._LFP_-999._999._FLFP_-999._999._Ass_1._1._Year_0._0.                            
 100,          0.71260504,          0.57516000,        625.00000000,         -0.13744504,    595,ItoI     _Age_51._75._Mar_-999._999._Fem_1._1._Kid_-999._999._Edu_-999._999._XP_-999._999._FXP_-999._999._Coh_-999._999._LFP_-999._999._FLFP_-999._999._Ass_1._1._Year_0._0.                            
 101,          0.24873950,          0.29412000,        735.29411765,          0.04538050,    595,ItoH     _Age_51._75._Mar_-999._999._Fem_1._1._Kid_-999._999._Edu_-999._999._XP_-999._999._FXP_-999._999._Coh_-999._999._LFP_-999._999._FLFP_-999._999._Ass_1._1._Year_0._0.                            
 102,          0.00513479,          0.01331000,     100000.00000000,          0.00817521,   1558,HtoF     _Age_51._75._Mar_-999._999._Fem_1._1._Kid_-999._999._Edu_-999._999._XP_-999._999._FXP_-999._999._Coh_-999._999._LFP_-999._999._FLFP_-999._999._Ass_0._0._Year_-999._999.                       
 103,          0.02888318,          0.05527000,      20000.00000000,          0.02638682,   1558,HtoI     _Age_51._75._Mar_-999._999._Fem_1._1._Kid_-999._999._Edu_-999._999._XP_-999._999._FXP_-999._999._Coh_-999._999._LFP_-999._999._FLFP_-999._999._Ass_0._0._Year_-999._999.                       
 104,          0.96598203,          0.93142000,      14285.71428571,         -0.03456203,   1558,HtoH     _Age_51._75._Mar_-999._999._Fem_1._1._Kid_-999._999._Edu_-999._999._XP_-999._999._FXP_-999._999._Coh_-999._999._LFP_-999._999._FLFP_-999._999._Ass_0._0._Year_-999._999.                       
 105,          0.76488550,          0.78984000,       2631.57894737,          0.02495450,   1310,FtoF     _Age_51._75._Mar_-999._999._Fem_0._0._Kid_-999._999._Edu_-999._999._XP_-999._999._FXP_-999._999._Coh_-999._999._LFP_-999._999._FLFP_-999._999._Ass_1._1._Year_1._1.                            
 106,          0.10687023,          0.11085000,       4347.82608696,          0.00397977,   1310,FtoI     _Age_51._75._Mar_-999._999._Fem_0._0._Kid_-999._999._Edu_-999._999._XP_-999._999._FXP_-999._999._Coh_-999._999._LFP_-999._999._FLFP_-999._999._Ass_1._1._Year_1._1.                            
 107,          0.12824427,          0.09931000,       4761.90476190,         -0.02893427,   1310,FtoH     _Age_51._75._Mar_-999._999._Fem_0._0._Kid_-999._999._Edu_-999._999._XP_-999._999._FXP_-999._999._Coh_-999._999._LFP_-999._999._FLFP_-999._999._Ass_1._1._Year_1._1.                            
 108,          0.10135135,          0.13366000,       3448.27586207,          0.03230865,    740,ItoF     _Age_51._75._Mar_-999._999._Fem_0._0._Kid_-999._999._Edu_-999._999._XP_-999._999._FXP_-999._999._Coh_-999._999._LFP_-999._999._FLFP_-999._999._Ass_1._1._Year_0._0.                            
 109,          0.60000000,          0.64356000,       1754.38596491,          0.04356000,    740,ItoI     _Age_51._75._Mar_-999._999._Fem_0._0._Kid_-999._999._Edu_-999._999._XP_-999._999._FXP_-999._999._Coh_-999._999._LFP_-999._999._FLFP_-999._999._Ass_1._1._Year_0._0.                            
 110,          0.29864865,          0.22277000,       2325.58139535,         -0.07587865,    740,ItoH     _Age_51._75._Mar_-999._999._Fem_0._0._Kid_-999._999._Edu_-999._999._XP_-999._999._FXP_-999._999._Coh_-999._999._LFP_-999._999._FLFP_-999._999._Ass_1._1._Year_0._0.                            
 111,          0.04208754,          0.06335000,       7692.30769231,          0.02126246,    594,HtoF     _Age_51._75._Mar_-999._999._Fem_0._0._Kid_-999._999._Edu_-999._999._XP_-999._999._FXP_-999._999._Coh_-999._999._LFP_-999._999._FLFP_-999._999._Ass_0._0._Year_-999._999.                       
 112,          0.27946128,          0.15158000,       3448.27586207,         -0.12788128,    594,HtoI     _Age_51._75._Mar_-999._999._Fem_0._0._Kid_-999._999._Edu_-999._999._XP_-999._999._FXP_-999._999._Coh_-999._999._LFP_-999._999._FLFP_-999._999._Ass_0._0._Year_-999._999.                       
 113,          0.67845118,          0.78507000,       2631.57894737,          0.10661882,    594,HtoH     _Age_51._75._Mar_-999._999._Fem_0._0._Kid_-999._999._Edu_-999._999._XP_-999._999._FXP_-999._999._Coh_-999._999._LFP_-999._999._FLFP_-999._999._Ass_0._0._Year_-999._999.                       
 114,          0.09683830,          0.08952000,      25000.00000000,         -0.00731830,   5535,Earning_Bins     _Age_51._75._Mar_-999._999._Fem_0._0._Kid_-999._999._Edu_-999._999._XP_-999._999._FXP_-999._999._Coh_-999._999._LFP_1._999._FLFP_1._1._Ass_-999._999._Year_-999._999.                  
 115,          0.29304426,          0.29415000,      10000.00000000,          0.00110574,   5535,Earning_Bins     _Age_51._75._Mar_-999._999._Fem_0._0._Kid_-999._999._Edu_-999._999._XP_-999._999._FXP_-999._999._Coh_-999._999._LFP_1._999._FLFP_1._1._Ass_-999._999._Year_-999._999.                  
 116,          0.24119241,          0.26709000,      10000.00000000,          0.02589759,   5535,Earning_Bins     _Age_51._75._Mar_-999._999._Fem_0._0._Kid_-999._999._Edu_-999._999._XP_-999._999._FXP_-999._999._Coh_-999._999._LFP_1._999._FLFP_1._1._Ass_-999._999._Year_-999._999.                  
 117,          0.13803071,          0.12346000,      20000.00000000,         -0.01457071,   5535,Earning_Bins     _Age_51._75._Mar_-999._999._Fem_0._0._Kid_-999._999._Edu_-999._999._XP_-999._999._FXP_-999._999._Coh_-999._999._LFP_1._999._FLFP_1._1._Ass_-999._999._Year_-999._999.                  
 118,          0.07696477,          0.06296000,      33333.33333333,         -0.01400477,   5535,Earning_Bins     _Age_51._75._Mar_-999._999._Fem_0._0._Kid_-999._999._Edu_-999._999._XP_-999._999._FXP_-999._999._Coh_-999._999._LFP_1._999._FLFP_1._1._Ass_-999._999._Year_-999._999.                  
 119,          0.15392954,          0.16281000,      14285.71428571,          0.00888046,   5535,Earning_Bins     _Age_51._75._Mar_-999._999._Fem_0._0._Kid_-999._999._Edu_-999._999._XP_-999._999._FXP_-999._999._Coh_-999._999._LFP_1._999._FLFP_1._1._Ass_-999._999._Year_-999._999.                  
 120,          0.30510717,          0.32387000,       8333.33333333,          0.01876283,   3779,Earning_Bins     _Age_51._75._Mar_-999._999._Fem_0._0._Kid_-999._999._Edu_-999._999._XP_-999._999._FXP_-999._999._Coh_-999._999._LFP_1._999._FLFP_0._0._Ass_-999._999._Year_-999._999.                  
 121,          0.28817147,          0.28659000,       9090.90909091,         -0.00158147,   3779,Earning_Bins     _Age_51._75._Mar_-999._999._Fem_0._0._Kid_-999._999._Edu_-999._999._XP_-999._999._FXP_-999._999._Coh_-999._999._LFP_1._999._FLFP_0._0._Ass_-999._999._Year_-999._999.                  
 122,          0.15056893,          0.18308000,      12500.00000000,          0.03251107,   3779,Earning_Bins     _Age_51._75._Mar_-999._999._Fem_0._0._Kid_-999._999._Edu_-999._999._XP_-999._999._FXP_-999._999._Coh_-999._999._LFP_1._999._FLFP_0._0._Ass_-999._999._Year_-999._999.                  
 123,          0.09155861,          0.09794000,      20000.00000000,          0.00638139,   3779,Earning_Bins     _Age_51._75._Mar_-999._999._Fem_0._0._Kid_-999._999._Edu_-999._999._XP_-999._999._FXP_-999._999._Coh_-999._999._LFP_1._999._FLFP_0._0._Ass_-999._999._Year_-999._999.                  
 124,          0.04948399,          0.03673000,      50000.00000000,         -0.01275399,   3779,Earning_Bins     _Age_51._75._Mar_-999._999._Fem_0._0._Kid_-999._999._Edu_-999._999._XP_-999._999._FXP_-999._999._Coh_-999._999._LFP_1._999._FLFP_0._0._Ass_-999._999._Year_-999._999.                  
 125,          0.11510982,          0.07179000,      25000.00000000,         -0.04331982,   3779,Earning_Bins     _Age_51._75._Mar_-999._999._Fem_0._0._Kid_-999._999._Edu_-999._999._XP_-999._999._FXP_-999._999._Coh_-999._999._LFP_1._999._FLFP_0._0._Ass_-999._999._Year_-999._999.                  
 126,          0.14821694,          0.14210000,       9090.90909091,         -0.00611694,   2692,Earning_Bins     _Age_51._75._Mar_-999._999._Fem_1._1._Kid_-999._999._Edu_-999._999._XP_-999._999._FXP_-999._999._Coh_-999._999._LFP_1._999._FLFP_1._1._Ass_-999._999._Year_-999._999.                  
 127,          0.21359584,          0.34245000,       5000.00000000,          0.12885416,   2692,Earning_Bins     _Age_51._75._Mar_-999._999._Fem_1._1._Kid_-999._999._Edu_-999._999._XP_-999._999._FXP_-999._999._Coh_-999._999._LFP_1._999._FLFP_1._1._Ass_-999._999._Year_-999._999.                  
 128,          0.17161961,          0.18094000,       7692.30769231,          0.00932039,   2692,Earning_Bins     _Age_51._75._Mar_-999._999._Fem_1._1._Kid_-999._999._Edu_-999._999._XP_-999._999._FXP_-999._999._Coh_-999._999._LFP_1._999._FLFP_1._1._Ass_-999._999._Year_-999._999.                  
 129,          0.11961367,          0.08208000,      14285.71428571,         -0.03753367,   2692,Earning_Bins     _Age_51._75._Mar_-999._999._Fem_1._1._Kid_-999._999._Edu_-999._999._XP_-999._999._FXP_-999._999._Coh_-999._999._LFP_1._999._FLFP_1._1._Ass_-999._999._Year_-999._999.                  
 130,          0.08172363,          0.04413000,      25000.00000000,         -0.03759363,   2692,Earning_Bins     _Age_51._75._Mar_-999._999._Fem_1._1._Kid_-999._999._Edu_-999._999._XP_-999._999._FXP_-999._999._Coh_-999._999._LFP_1._999._FLFP_1._1._Ass_-999._999._Year_-999._999.                  
 131,          0.26523031,          0.20830000,       6666.66666667,         -0.05693031,   2692,Earning_Bins     _Age_51._75._Mar_-999._999._Fem_1._1._Kid_-999._999._Edu_-999._999._XP_-999._999._FXP_-999._999._Coh_-999._999._LFP_1._999._FLFP_1._1._Ass_-999._999._Year_-999._999.                  
 132,          0.66285081,          0.56940000,       4000.00000000,         -0.09345081,   2708,Earning_Bins     _Age_51._75._Mar_-999._999._Fem_1._1._Kid_-999._999._Edu_-999._999._XP_-999._999._FXP_-999._999._Coh_-999._999._LFP_1._999._FLFP_0._0._Ass_-999._999._Year_-999._999.                  
 133,          0.18833087,          0.24215000,       5263.15789474,          0.05381913,   2708,Earning_Bins     _Age_51._75._Mar_-999._999._Fem_1._1._Kid_-999._999._Edu_-999._999._XP_-999._999._FXP_-999._999._Coh_-999._999._LFP_1._999._FLFP_0._0._Ass_-999._999._Year_-999._999.                  
 134,          0.06351551,          0.08308000,      12500.00000000,          0.01956449,   2708,Earning_Bins     _Age_51._75._Mar_-999._999._Fem_1._1._Kid_-999._999._Edu_-999._999._XP_-999._999._FXP_-999._999._Coh_-999._999._LFP_1._999._FLFP_0._0._Ass_-999._999._Year_-999._999.                  
 135,          0.02954210,          0.04863000,      20000.00000000,          0.01908790,   2708,Earning_Bins     _Age_51._75._Mar_-999._999._Fem_1._1._Kid_-999._999._Edu_-999._999._XP_-999._999._FXP_-999._999._Coh_-999._999._LFP_1._999._FLFP_0._0._Ass_-999._999._Year_-999._999.                  
 136,          0.02252585,          0.01114000,     100000.00000000,         -0.01138585,   2708,Earning_Bins     _Age_51._75._Mar_-999._999._Fem_1._1._Kid_-999._999._Edu_-999._999._XP_-999._999._FXP_-999._999._Coh_-999._999._LFP_1._999._FLFP_0._0._Ass_-999._999._Year_-999._999.                  
 137,          0.03323486,          0.04559000,      25000.00000000,          0.01235514,   2708,Earning_Bins     _Age_51._75._Mar_-999._999._Fem_1._1._Kid_-999._999._Edu_-999._999._XP_-999._999._FXP_-999._999._Coh_-999._999._LFP_1._999._FLFP_0._0._Ass_-999._999._Year_-999._999.                  
 138,          0.07549584,          0.07268000,       5882.35294118,         -0.00281584,   1563,Earning_Bins     _Age_51._75._Mar_-999._999._Fem_0._0._Kid_-999._999._Edu_8._11._XP_-999._999._FXP_-999._999._Coh_-999._999._LFP_1._999._FLFP_1._1._Ass_-999._999._Year_-999._999.                      
 139,          0.23096609,          0.26566000,       2040.81632653,          0.03469391,   1563,Earning_Bins     _Age_51._75._Mar_-999._999._Fem_0._0._Kid_-999._999._Edu_8._11._XP_-999._999._FXP_-999._999._Coh_-999._999._LFP_1._999._FLFP_1._1._Ass_-999._999._Year_-999._999.                      
 140,          0.24312220,          0.30827000,       1886.79245283,          0.06514780,   1563,Earning_Bins     _Age_51._75._Mar_-999._999._Fem_0._0._Kid_-999._999._Edu_8._11._XP_-999._999._FXP_-999._999._Coh_-999._999._LFP_1._999._FLFP_1._1._Ass_-999._999._Year_-999._999.                      
 141,          0.17594370,          0.16291000,       2941.17647059,         -0.01303370,   1563,Earning_Bins     _Age_51._75._Mar_-999._999._Fem_0._0._Kid_-999._999._Edu_8._11._XP_-999._999._FXP_-999._999._Coh_-999._999._LFP_1._999._FLFP_1._1._Ass_-999._999._Year_-999._999.                      
 142,          0.09213052,          0.06015000,       7142.85714286,         -0.03198052,   1563,Earning_Bins     _Age_51._75._Mar_-999._999._Fem_0._0._Kid_-999._999._Edu_8._11._XP_-999._999._FXP_-999._999._Coh_-999._999._LFP_1._999._FLFP_1._1._Ass_-999._999._Year_-999._999.                      
 143,          0.18234165,          0.13033000,       3571.42857143,         -0.05201165,   1563,Earning_Bins     _Age_51._75._Mar_-999._999._Fem_0._0._Kid_-999._999._Edu_8._11._XP_-999._999._FXP_-999._999._Coh_-999._999._LFP_1._999._FLFP_1._1._Ass_-999._999._Year_-999._999.                      
 144,          0.13661202,          0.24598000,       2325.58139535,          0.10936798,    732,Earning_Bins     _Age_51._75._Mar_-999._999._Fem_0._0._Kid_-999._999._Edu_8._11._XP_-999._999._FXP_-999._999._Coh_-999._999._LFP_1._999._FLFP_0._0._Ass_-999._999._Year_-999._999.                      
 145,          0.29234973,          0.25057000,       2325.58139535,         -0.04177973,    732,Earning_Bins     _Age_51._75._Mar_-999._999._Fem_0._0._Kid_-999._999._Edu_8._11._XP_-999._999._FXP_-999._999._Coh_-999._999._LFP_1._999._FLFP_0._0._Ass_-999._999._Year_-999._999.                      
 146,          0.21174863,          0.25747000,       2272.72727273,          0.04572137,    732,Earning_Bins     _Age_51._75._Mar_-999._999._Fem_0._0._Kid_-999._999._Edu_8._11._XP_-999._999._FXP_-999._999._Coh_-999._999._LFP_1._999._FLFP_0._0._Ass_-999._999._Year_-999._999.                      
 147,          0.11885246,          0.14483000,       3571.42857143,          0.02597754,    732,Earning_Bins     _Age_51._75._Mar_-999._999._Fem_0._0._Kid_-999._999._Edu_8._11._XP_-999._999._FXP_-999._999._Coh_-999._999._LFP_1._999._FLFP_0._0._Ass_-999._999._Year_-999._999.                      
 148,          0.07650273,          0.03448000,      12500.00000000,         -0.04202273,    732,Earning_Bins     _Age_51._75._Mar_-999._999._Fem_0._0._Kid_-999._999._Edu_8._11._XP_-999._999._FXP_-999._999._Coh_-999._999._LFP_1._999._FLFP_0._0._Ass_-999._999._Year_-999._999.                      
 149,          0.16393443,          0.06667000,       7142.85714286,         -0.09726443,    732,Earning_Bins     _Age_51._75._Mar_-999._999._Fem_0._0._Kid_-999._999._Edu_8._11._XP_-999._999._FXP_-999._999._Coh_-999._999._LFP_1._999._FLFP_0._0._Ass_-999._999._Year_-999._999.                      
 150,          0.12519562,          0.09910000,       3703.70370370,         -0.02609562,    639,Earning_Bins     _Age_51._75._Mar_-999._999._Fem_1._1._Kid_-999._999._Edu_12._15._XP_-999._999._FXP_-999._999._Coh_-999._999._LFP_1._999._FLFP_1._1._Ass_-999._999._Year_-999._999.                     
 151,          0.15492958,          0.17117000,       2325.58139535,          0.01624042,    639,Earning_Bins     _Age_51._75._Mar_-999._999._Fem_1._1._Kid_-999._999._Edu_12._15._XP_-999._999._FXP_-999._999._Coh_-999._999._LFP_1._999._FLFP_1._1._Ass_-999._999._Year_-999._999.                     
 152,          0.13615023,          0.22222000,       1923.07692308,          0.08606977,    639,Earning_Bins     _Age_51._75._Mar_-999._999._Fem_1._1._Kid_-999._999._Edu_12._15._XP_-999._999._FXP_-999._999._Coh_-999._999._LFP_1._999._FLFP_1._1._Ass_-999._999._Year_-999._999.                     
 153,          0.12676056,          0.14114000,       2777.77777778,          0.01437944,    639,Earning_Bins     _Age_51._75._Mar_-999._999._Fem_1._1._Kid_-999._999._Edu_12._15._XP_-999._999._FXP_-999._999._Coh_-999._999._LFP_1._999._FLFP_1._1._Ass_-999._999._Year_-999._999.                     
 154,          0.08450704,          0.07808000,       4545.45454545,         -0.00642704,    639,Earning_Bins     _Age_51._75._Mar_-999._999._Fem_1._1._Kid_-999._999._Edu_12._15._XP_-999._999._FXP_-999._999._Coh_-999._999._LFP_1._999._FLFP_1._1._Ass_-999._999._Year_-999._999.                     
 155,          0.37245696,          0.28829000,       1612.90322581,         -0.08416696,    639,Earning_Bins     _Age_51._75._Mar_-999._999._Fem_1._1._Kid_-999._999._Edu_12._15._XP_-999._999._FXP_-999._999._Coh_-999._999._LFP_1._999._FLFP_1._1._Ass_-999._999._Year_-999._999.                     
 156,          0.35384615,          0.39267000,        800.00000000,          0.03882385,    195,Earning_Bins     _Age_51._75._Mar_-999._999._Fem_1._1._Kid_-999._999._Edu_12._15._XP_-999._999._FXP_-999._999._Coh_-999._999._LFP_1._999._FLFP_0._0._Ass_-999._999._Year_-999._999.                     
 157,          0.28205128,          0.21990000,       1111.11111111,         -0.06215128,    195,Earning_Bins     _Age_51._75._Mar_-999._999._Fem_1._1._Kid_-999._999._Edu_12._15._XP_-999._999._FXP_-999._999._Coh_-999._999._LFP_1._999._FLFP_0._0._Ass_-999._999._Year_-999._999.                     
 158,          0.13333333,          0.16230000,       1408.45070423,          0.02896667,    195,Earning_Bins     _Age_51._75._Mar_-999._999._Fem_1._1._Kid_-999._999._Edu_12._15._XP_-999._999._FXP_-999._999._Coh_-999._999._LFP_1._999._FLFP_0._0._Ass_-999._999._Year_-999._999.                     
 159,          0.04615385,          0.09424000,       2222.22222222,          0.04808615,    195,Earning_Bins     _Age_51._75._Mar_-999._999._Fem_1._1._Kid_-999._999._Edu_12._15._XP_-999._999._FXP_-999._999._Coh_-999._999._LFP_1._999._FLFP_0._0._Ass_-999._999._Year_-999._999.                     
 160,          0.04615385,          0.02094000,       9090.90909091,         -0.02521385,    195,Earning_Bins     _Age_51._75._Mar_-999._999._Fem_1._1._Kid_-999._999._Edu_12._15._XP_-999._999._FXP_-999._999._Coh_-999._999._LFP_1._999._FLFP_0._0._Ass_-999._999._Year_-999._999.                     
 161,          0.13846154,          0.10995000,       1960.78431373,         -0.02851154,    195,Earning_Bins     _Age_51._75._Mar_-999._999._Fem_1._1._Kid_-999._999._Edu_12._15._XP_-999._999._FXP_-999._999._Coh_-999._999._LFP_1._999._FLFP_0._0._Ass_-999._999._Year_-999._999.                     
 162,          0.36734694,          0.24324000,        401.60642570,         -0.12410694,     98,ItoF<-0.5     _Age_51._75._Mar_-999._999._Fem_-999._999._Kid_-999._999._Edu_-999._999._XP_-999._999._FXP_-999._999._Coh_-999._999._LFP_1._999._FLFP_1._1._Ass_1._1._Year_0._0.                          
 163,          0.14285714,          0.16216000,        543.47826087,          0.01930286,     98,ItoF<0     _Age_51._75._Mar_-999._999._Fem_-999._999._Kid_-999._999._Edu_-999._999._XP_-999._999._FXP_-999._999._Coh_-999._999._LFP_1._999._FLFP_1._1._Ass_1._1._Year_0._0.                             
 164,          0.06122449,          0.13514000,        632.91139241,          0.07391551,     98,ItoF<0.25     _Age_51._75._Mar_-999._999._Fem_-999._999._Kid_-999._999._Edu_-999._999._XP_-999._999._FXP_-999._999._Coh_-999._999._LFP_1._999._FLFP_1._1._Ass_1._1._Year_0._0.                          
 165,          0.04081633,          0.08108000,        990.09900990,          0.04026367,     98,ItoF<0.5     _Age_51._75._Mar_-999._999._Fem_-999._999._Kid_-999._999._Edu_-999._999._XP_-999._999._FXP_-999._999._Coh_-999._999._LFP_1._999._FLFP_1._1._Ass_1._1._Year_0._0.                           
 166,          0.04081633,          0.10811000,        769.23076923,          0.06729367,     98,ItoF<0.75     _Age_51._75._Mar_-999._999._Fem_-999._999._Kid_-999._999._Edu_-999._999._XP_-999._999._FXP_-999._999._Coh_-999._999._LFP_1._999._FLFP_1._1._Ass_1._1._Year_0._0.                          
 167,          0.05102041,          0.05405000,       1449.27536232,          0.00302959,     98,ItoF<1     _Age_51._75._Mar_-999._999._Fem_-999._999._Kid_-999._999._Edu_-999._999._XP_-999._999._FXP_-999._999._Coh_-999._999._LFP_1._999._FLFP_1._1._Ass_1._1._Year_0._0.                             
 168,          0.29591837,          0.21622000,        436.68122271,         -0.07969837,     98,ItoF>1     _Age_51._75._Mar_-999._999._Fem_-999._999._Kid_-999._999._Edu_-999._999._XP_-999._999._FXP_-999._999._Coh_-999._999._LFP_1._999._FLFP_1._1._Ass_1._1._Year_0._0.                             
 169,          0.40860215,          0.32836000,        303.95136778,         -0.08024215,    186,FtoI<-0.5     _Age_51._75._Mar_-999._999._Fem_-999._999._Kid_-999._999._Edu_-999._999._XP_-999._999._FXP_-999._999._Coh_-999._999._LFP_1._999._FLFP_0._0._Ass_1._1._Year_1._1.                          
 170,          0.12365591,          0.29851000,        319.48881789,          0.17485409,    186,FtoI<0     _Age_51._75._Mar_-999._999._Fem_-999._999._Kid_-999._999._Edu_-999._999._XP_-999._999._FXP_-999._999._Coh_-999._999._LFP_1._999._FLFP_0._0._Ass_1._1._Year_1._1.                             
 171,          0.11827957,          0.14925000,        526.31578947,          0.03097043,    186,FtoI<0.25     _Age_51._75._Mar_-999._999._Fem_-999._999._Kid_-999._999._Edu_-999._999._XP_-999._999._FXP_-999._999._Coh_-999._999._LFP_1._999._FLFP_0._0._Ass_1._1._Year_1._1.                          
 172,          0.05913978,          0.02985000,       2325.58139535,         -0.02928978,    186,FtoI<0.5     _Age_51._75._Mar_-999._999._Fem_-999._999._Kid_-999._999._Edu_-999._999._XP_-999._999._FXP_-999._999._Coh_-999._999._LFP_1._999._FLFP_0._0._Ass_1._1._Year_1._1.                           
 173,          0.05376344,          0.08955000,        819.67213115,          0.03578656,    186,FtoI<0.75     _Age_51._75._Mar_-999._999._Fem_-999._999._Kid_-999._999._Edu_-999._999._XP_-999._999._FXP_-999._999._Coh_-999._999._LFP_1._999._FLFP_0._0._Ass_1._1._Year_1._1.                          
 174,          0.03225806,          0.02985000,       2325.58139535,         -0.00240806,    186,FtoI<1     _Age_51._75._Mar_-999._999._Fem_-999._999._Kid_-999._999._Edu_-999._999._XP_-999._999._FXP_-999._999._Coh_-999._999._LFP_1._999._FLFP_0._0._Ass_1._1._Year_1._1.                             
 175,          0.20430108,          0.07463000,        970.87378641,         -0.12967108,    186,FtoI>1     _Age_51._75._Mar_-999._999._Fem_-999._999._Kid_-999._999._Edu_-999._999._XP_-999._999._FXP_-999._999._Coh_-999._999._LFP_1._999._FLFP_0._0._Ass_1._1._Year_1._1.                             
 176,          0.29235168,          0.15400000,       4000.00000000,         -0.13835168,   1399,FtoF<-0.5     _Age_51._75._Mar_-999._999._Fem_-999._999._Kid_-999._999._Edu_-999._999._XP_-999._999._FXP_-999._999._Coh_-999._999._LFP_1._999._FLFP_1._1._Ass_1._1._Year_1._1.                          
 177,          0.32237312,          0.28460000,       2500.00000000,         -0.03777312,   1399,FtoF<0     _Age_51._75._Mar_-999._999._Fem_-999._999._Kid_-999._999._Edu_-999._999._XP_-999._999._FXP_-999._999._Coh_-999._999._LFP_1._999._FLFP_1._1._Ass_1._1._Year_1._1.                             
 178,          0.15511079,          0.14815000,       4000.00000000,         -0.00696079,   1399,FtoF<0.25     _Age_51._75._Mar_-999._999._Fem_-999._999._Kid_-999._999._Edu_-999._999._XP_-999._999._FXP_-999._999._Coh_-999._999._LFP_1._999._FLFP_1._1._Ass_1._1._Year_1._1.                          
 179,          0.06862044,          0.11111000,       5263.15789474,          0.04248956,   1399,FtoF<0.5     _Age_51._75._Mar_-999._999._Fem_-999._999._Kid_-999._999._Edu_-999._999._XP_-999._999._FXP_-999._999._Coh_-999._999._LFP_1._999._FLFP_1._1._Ass_1._1._Year_1._1.                           
 180,          0.02930665,          0.07212000,       7692.30769231,          0.04281335,   1399,FtoF<0.75     _Age_51._75._Mar_-999._999._Fem_-999._999._Kid_-999._999._Edu_-999._999._XP_-999._999._FXP_-999._999._Coh_-999._999._LFP_1._999._FLFP_1._1._Ass_1._1._Year_1._1.                          
 181,          0.02644746,          0.03314000,      16666.66666667,          0.00669254,   1399,FtoF<1     _Age_51._75._Mar_-999._999._Fem_-999._999._Kid_-999._999._Edu_-999._999._XP_-999._999._FXP_-999._999._Coh_-999._999._LFP_1._999._FLFP_1._1._Ass_1._1._Year_1._1.                             
 182,          0.10578985,          0.19688000,       3225.80645161,          0.09109015,   1399,FtoF>1     _Age_51._75._Mar_-999._999._Fem_-999._999._Kid_-999._999._Edu_-999._999._XP_-999._999._FXP_-999._999._Coh_-999._999._LFP_1._999._FLFP_1._1._Ass_1._1._Year_1._1.                             
 183,          0.28801843,          0.22126000,       2000.00000000,         -0.06675843,    868,ItoI<-0.5     _Age_51._75._Mar_-999._999._Fem_-999._999._Kid_-999._999._Edu_-999._999._XP_-999._999._FXP_-999._999._Coh_-999._999._LFP_1._999._FLFP_0._0._Ass_1._1._Year_0._0.                          
 184,          0.22465438,          0.34483000,       1538.46153846,          0.12017562,    868,ItoI<0     _Age_51._75._Mar_-999._999._Fem_-999._999._Kid_-999._999._Edu_-999._999._XP_-999._999._FXP_-999._999._Coh_-999._999._LFP_1._999._FLFP_0._0._Ass_1._1._Year_0._0.                             
 185,          0.12211982,          0.11494000,       3448.27586207,         -0.00717982,    868,ItoI<0.25     _Age_51._75._Mar_-999._999._Fem_-999._999._Kid_-999._999._Edu_-999._999._XP_-999._999._FXP_-999._999._Coh_-999._999._LFP_1._999._FLFP_0._0._Ass_1._1._Year_0._0.                          
 186,          0.08986175,          0.10345000,       3703.70370370,          0.01358825,    868,ItoI<0.5     _Age_51._75._Mar_-999._999._Fem_-999._999._Kid_-999._999._Edu_-999._999._XP_-999._999._FXP_-999._999._Coh_-999._999._LFP_1._999._FLFP_0._0._Ass_1._1._Year_0._0.                           
 187,          0.05875576,          0.02874000,      12500.00000000,         -0.03001576,    868,ItoI<0.75     _Age_51._75._Mar_-999._999._Fem_-999._999._Kid_-999._999._Edu_-999._999._XP_-999._999._FXP_-999._999._Coh_-999._999._LFP_1._999._FLFP_0._0._Ass_1._1._Year_0._0.                          
 188,          0.04953917,          0.01724000,      20000.00000000,         -0.03229917,    868,ItoI<1     _Age_51._75._Mar_-999._999._Fem_-999._999._Kid_-999._999._Edu_-999._999._XP_-999._999._FXP_-999._999._Coh_-999._999._LFP_1._999._FLFP_0._0._Ass_1._1._Year_0._0.                             
 189,          0.16705069,          0.16954000,       2500.00000000,          0.00248931,    868,ItoI>1     _Age_51._75._Mar_-999._999._Fem_-999._999._Kid_-999._999._Edu_-999._999._XP_-999._999._FXP_-999._999._Coh_-999._999._LFP_1._999._FLFP_0._0._Ass_1._1._Year_0._0.                             
 190,          2.88194437,          1.91091000,          1.69213327,         -0.97103437,    492,Earnings     _Age_51._75._Mar_-999._999._Fem_0._0._Kid_-999._999._Edu_0._7._XP_0._25._FXP_-999._999._Coh_-999._999._LFP_1._999._FLFP_1._1._Ass_-999._999._Year_-999._999.                               
 191,          2.22239913,          2.34990000,          0.43026853,          0.12750087,   2420,Earnings     _Age_51._75._Mar_-999._999._Fem_0._0._Kid_-999._999._Edu_0._7._XP_26._999._FXP_-999._999._Coh_-999._999._LFP_1._999._FLFP_1._1._Ass_-999._999._Year_-999._999.                             
 192,          3.73669036,          2.52892000,          0.51629158,         -1.20777036,    213,Earnings     _Age_51._75._Mar_-999._999._Fem_0._0._Kid_-999._999._Edu_8._11._XP_0._25._FXP_-999._999._Coh_-999._999._LFP_1._999._FLFP_1._1._Ass_-999._999._Year_-999._999.                              
 193,          3.19995311,          3.18314000,          0.25472969,         -0.01681311,   1350,Earnings     _Age_51._75._Mar_-999._999._Fem_0._0._Kid_-999._999._Edu_8._11._XP_26._999._FXP_-999._999._Coh_-999._999._LFP_1._999._FLFP_1._1._Ass_-999._999._Year_-999._999.                            
 194,          7.87037690,          4.10937000,          0.07478117,         -3.76100690,     66,Earnings     _Age_51._75._Mar_-999._999._Fem_0._0._Kid_-999._999._Edu_12._15._XP_0._25._FXP_-999._999._Coh_-999._999._LFP_1._999._FLFP_1._1._Ass_-999._999._Year_-999._999.                             
 195,          4.48038496,          4.95831000,          0.08342447,          0.47792504,    810,Earnings     _Age_51._75._Mar_-999._999._Fem_0._0._Kid_-999._999._Edu_12._15._XP_26._999._FXP_-999._999._Coh_-999._999._LFP_1._999._FLFP_1._1._Ass_-999._999._Year_-999._999.                           
 196,          5.96798987,         10.83854000,          0.03550487,          4.87055013,    182,Earnings     _Age_51._75._Mar_-999._999._Fem_0._0._Kid_-999._999._Edu_16._999._XP_0._999._FXP_-999._999._Coh_-999._999._LFP_1._999._FLFP_1._1._Ass_-999._999._Year_-999._999.                           
 197,          5.96798987,         10.83854000,          0.03550487,          4.87055013,    182,Earnings     _Age_51._75._Mar_-999._999._Fem_0._0._Kid_-999._999._Edu_16._999._XP_0._999._FXP_-999._999._Coh_-999._999._LFP_1._999._FLFP_1._1._Ass_-999._999._Year_-999._999.                           
 198,          1.72748003,          1.01517000,          1.71553070,         -0.71231003,    589,Earnings     _Age_51._75._Mar_-999._999._Fem_0._0._Kid_-999._999._Edu_0._7._XP_0._25._FXP_-999._999._Coh_-999._999._LFP_1._999._FLFP_0._0._Ass_-999._999._Year_-999._999.                               
 199,          1.83107972,          1.66314000,          0.62379919,         -0.16793972,   1904,Earnings     _Age_51._75._Mar_-999._999._Fem_0._0._Kid_-999._999._Edu_0._7._XP_26._999._FXP_-999._999._Coh_-999._999._LFP_1._999._FLFP_0._0._Ass_-999._999._Year_-999._999.                             
 200,          2.76155803,          1.84762000,          0.67941706,         -0.91393803,     90,Earnings     _Age_51._75._Mar_-999._999._Fem_0._0._Kid_-999._999._Edu_8._11._XP_0._25._FXP_-999._999._Coh_-999._999._LFP_1._999._FLFP_0._0._Ass_-999._999._Year_-999._999.                              
 201,          3.27178408,          2.45455000,          0.37588474,         -0.81723408,    642,Earnings     _Age_51._75._Mar_-999._999._Fem_0._0._Kid_-999._999._Edu_8._11._XP_26._999._FXP_-999._999._Coh_-999._999._LFP_1._999._FLFP_0._0._Ass_-999._999._Year_-999._999.                            
 202,          4.97086332,          5.84465000,          0.01746463,          0.87378668,     37,Earnings     _Age_51._75._Mar_-999._999._Fem_0._0._Kid_-999._999._Edu_12._15._XP_0._25._FXP_-999._999._Coh_-999._999._LFP_1._999._FLFP_0._0._Ass_-999._999._Year_-999._999.                             
 203,          4.08769761,          3.83429000,          0.09104466,         -0.25340761,    430,Earnings     _Age_51._75._Mar_-999._999._Fem_0._0._Kid_-999._999._Edu_12._15._XP_26._999._FXP_-999._999._Coh_-999._999._LFP_1._999._FLFP_0._0._Ass_-999._999._Year_-999._999.                           
 204,          7.15821884,          8.37335000,          0.02329453,          1.21513116,     83,Earnings     _Age_51._75._Mar_-999._999._Fem_0._0._Kid_-999._999._Edu_16._999._XP_0._999._FXP_-999._999._Coh_-999._999._LFP_1._999._FLFP_0._0._Ass_-999._999._Year_-999._999.                           
 205,          7.15821884,          8.37335000,          0.02329453,          1.21513116,     83,Earnings     _Age_51._75._Mar_-999._999._Fem_0._0._Kid_-999._999._Edu_16._999._XP_0._999._FXP_-999._999._Coh_-999._999._LFP_1._999._FLFP_0._0._Ass_-999._999._Year_-999._999.                           
 206,          3.11670956,          1.48687000,          3.46632466,         -1.62983956,    334,Earnings     _Age_51._75._Mar_-999._999._Fem_1._1._Kid_-999._999._Edu_0._7._XP_0._15._FXP_-999._999._Coh_-999._999._LFP_1._999._FLFP_1._1._Ass_-999._999._Year_-999._999.                               
 207,          3.48248056,          1.41922000,          2.50331689,         -2.06326056,   1011,Earnings     _Age_51._75._Mar_-999._999._Fem_1._1._Kid_-999._999._Edu_0._7._XP_16._999._FXP_-999._999._Coh_-999._999._LFP_1._999._FLFP_1._1._Ass_-999._999._Year_-999._999.                             
 208,          3.34523494,          1.54893000,          1.93057647,         -1.79630494,    183,Earnings     _Age_51._75._Mar_-999._999._Fem_1._1._Kid_-999._999._Edu_8._11._XP_0._15._FXP_-999._999._Coh_-999._999._LFP_1._999._FLFP_1._1._Ass_-999._999._Year_-999._999.                              
 209,          5.06690565,          2.15619000,          0.91697691,         -2.91071565,    289,Earnings     _Age_51._75._Mar_-999._999._Fem_1._1._Kid_-999._999._Edu_8._11._XP_16._999._FXP_-999._999._Coh_-999._999._LFP_1._999._FLFP_1._1._Ass_-999._999._Year_-999._999.                            
 210,          4.10239967,          2.95263000,          0.31032867,         -1.14976967,    219,Earnings     _Age_51._75._Mar_-999._999._Fem_1._1._Kid_-999._999._Edu_12._15._XP_0._15._FXP_-999._999._Coh_-999._999._LFP_1._999._FLFP_1._1._Ass_-999._999._Year_-999._999.                             
 211,          6.10422025,          4.12996000,          0.18202370,         -1.97426025,    420,Earnings     _Age_51._75._Mar_-999._999._Fem_1._1._Kid_-999._999._Edu_12._15._XP_16._999._FXP_-999._999._Coh_-999._999._LFP_1._999._FLFP_1._1._Ass_-999._999._Year_-999._999.                           
 212,          6.13538441,          7.36207000,          0.11009118,          1.22668559,    236,Earnings     _Age_51._75._Mar_-999._999._Fem_1._1._Kid_-999._999._Edu_16._999._XP_0._999._FXP_-999._999._Coh_-999._999._LFP_1._999._FLFP_1._1._Ass_-999._999._Year_-999._999.                           
 213,          6.13538441,          7.36207000,          0.11009118,          1.22668559,    236,Earnings     _Age_51._75._Mar_-999._999._Fem_1._1._Kid_-999._999._Edu_16._999._XP_0._999._FXP_-999._999._Coh_-999._999._LFP_1._999._FLFP_1._1._Ass_-999._999._Year_-999._999.                           
 214,          0.74005245,          0.85067000,          1.76345072,          0.11061755,   1019,Earnings     _Age_51._75._Mar_-999._999._Fem_1._1._Kid_-999._999._Edu_0._7._XP_0._15._FXP_-999._999._Coh_-999._999._LFP_1._999._FLFP_0._0._Ass_-999._999._Year_-999._999.                               
 215,          1.01962157,          1.14562000,          1.07551167,          0.12599843,    993,Earnings     _Age_51._75._Mar_-999._999._Fem_1._1._Kid_-999._999._Edu_0._7._XP_16._999._FXP_-999._999._Coh_-999._999._LFP_1._999._FLFP_0._0._Ass_-999._999._Year_-999._999.                             
 216,          1.34299588,          1.55668000,          0.50618303,          0.21368412,    246,Earnings     _Age_51._75._Mar_-999._999._Fem_1._1._Kid_-999._999._Edu_8._11._XP_0._15._FXP_-999._999._Coh_-999._999._LFP_1._999._FLFP_0._0._Ass_-999._999._Year_-999._999.                              
 217,          2.20625326,          1.38894000,          0.78654072,         -0.81731326,    211,Earnings     _Age_51._75._Mar_-999._999._Fem_1._1._Kid_-999._999._Edu_8._11._XP_16._999._FXP_-999._999._Coh_-999._999._LFP_1._999._FLFP_0._0._Ass_-999._999._Year_-999._999.                            
 218,          1.81349582,          1.18539000,          1.10492354,         -0.62810582,     97,Earnings     _Age_51._75._Mar_-999._999._Fem_1._1._Kid_-999._999._Edu_12._15._XP_0._15._FXP_-999._999._Coh_-999._999._LFP_1._999._FLFP_0._0._Ass_-999._999._Year_-999._999.                             
 219,          2.83092254,          3.20852000,          0.10193472,          0.37759746,     98,Earnings     _Age_51._75._Mar_-999._999._Fem_1._1._Kid_-999._999._Edu_12._15._XP_16._999._FXP_-999._999._Coh_-999._999._LFP_1._999._FLFP_0._0._Ass_-999._999._Year_-999._999.                           
 220,          2.31247670,          4.94657000,          0.06370551,          2.63409330,     44,Earnings     _Age_51._75._Mar_-999._999._Fem_1._1._Kid_-999._999._Edu_16._999._XP_0._999._FXP_-999._999._Coh_-999._999._LFP_1._999._FLFP_0._0._Ass_-999._999._Year_-999._999.                           
 221,          2.31247670,          4.94657000,          0.06370551,          2.63409330,     44,Earnings     _Age_51._75._Mar_-999._999._Fem_1._1._Kid_-999._999._Edu_16._999._XP_0._999._FXP_-999._999._Coh_-999._999._LFP_1._999._FLFP_0._0._Ass_-999._999._Year_-999._999.                           
 222,          3.34978509,          1.84851000,          2.76655785,         -1.50127509,    283,Earnings     _Age_51._75._Mar_-999._999._Fem_0._0._Kid_-999._999._Edu_0._11._XP_0._20._FXP_-999._999._Coh_-999._999._LFP_1._999._FLFP_1._1._Ass_-999._999._Year_-999._999.                              
 223,          3.14708999,          2.65400000,          0.22662427,         -0.49308999,   1546,Earnings     _Age_51._75._Mar_-999._999._Fem_0._0._Kid_-999._999._Edu_0._11._XP_20._30._FXP_-999._999._Coh_-999._999._LFP_1._999._FLFP_1._1._Ass_-999._999._Year_-999._999.                             
 224,          2.42439593,          2.56366000,          0.39258486,          0.13926407,   2139,Earnings     _Age_51._75._Mar_-999._999._Fem_0._0._Kid_-999._999._Edu_0._11._XP_30._40._FXP_-999._999._Coh_-999._999._LFP_1._999._FLFP_1._1._Ass_-999._999._Year_-999._999.                             
 225,          1.80039656,          2.46957000,          0.54593795,          0.66917344,    507,Earnings     _Age_51._75._Mar_-999._999._Fem_0._0._Kid_-999._999._Edu_0._11._XP_40._999._FXP_-999._999._Coh_-999._999._LFP_1._999._FLFP_1._1._Ass_-999._999._Year_-999._999.                            
 226,          3.34763923,          3.30621000,          0.13162606,         -0.04142923,     26,Earnings     _Age_51._75._Mar_-999._999._Fem_0._0._Kid_-999._999._Edu_12._999._XP_0._20._FXP_-999._999._Coh_-999._999._LFP_1._999._FLFP_1._1._Ass_-999._999._Year_-999._999.                            
 227,          6.32855732,          6.73929000,          0.03896331,          0.41073268,    353,Earnings     _Age_51._75._Mar_-999._999._Fem_0._0._Kid_-999._999._Edu_12._999._XP_20._30._FXP_-999._999._Coh_-999._999._LFP_1._999._FLFP_1._1._Ass_-999._999._Year_-999._999.                           
 228,          4.48299348,          6.02739000,          0.05006581,          1.54439652,    560,Earnings     _Age_51._75._Mar_-999._999._Fem_0._0._Kid_-999._999._Edu_12._999._XP_30._40._FXP_-999._999._Coh_-999._999._LFP_1._999._FLFP_1._1._Ass_-999._999._Year_-999._999.                           
 229,          3.38853064,          5.78533000,          0.05616315,          2.39679936,    119,Earnings     _Age_51._75._Mar_-999._999._Fem_0._0._Kid_-999._999._Edu_12._999._XP_40._999._FXP_-999._999._Coh_-999._999._LFP_1._999._FLFP_1._1._Ass_-999._999._Year_-999._999.                          
 230,          1.79504479,          1.24762000,          1.14855397,         -0.54742479,    380,Earnings     _Age_51._75._Mar_-999._999._Fem_0._0._Kid_-999._999._Edu_0._11._XP_0._20._FXP_-999._999._Coh_-999._999._LFP_1._999._FLFP_0._0._Ass_-999._999._Year_-999._999.                              
 231,          2.19100368,          1.52547000,          0.49686725,         -0.66553368,   1018,Earnings     _Age_51._75._Mar_-999._999._Fem_0._0._Kid_-999._999._Edu_0._11._XP_20._30._FXP_-999._999._Coh_-999._999._LFP_1._999._FLFP_0._0._Ass_-999._999._Year_-999._999.                             
 232,          2.39642642,          2.06332000,          0.45074282,         -0.33310642,   1260,Earnings     _Age_51._75._Mar_-999._999._Fem_0._0._Kid_-999._999._Edu_0._11._XP_30._40._FXP_-999._999._Coh_-999._999._LFP_1._999._FLFP_0._0._Ass_-999._999._Year_-999._999.                             
 233,          1.62404069,          1.80270000,          0.69570057,          0.17865931,    567,Earnings     _Age_51._75._Mar_-999._999._Fem_0._0._Kid_-999._999._Edu_0._11._XP_40._999._FXP_-999._999._Coh_-999._999._LFP_1._999._FLFP_0._0._Ass_-999._999._Year_-999._999.                            
 234,          5.12109802,          7.77903000,          0.01386180,          2.65793198,     21,Earnings     _Age_51._75._Mar_-999._999._Fem_0._0._Kid_-999._999._Edu_12._999._XP_0._20._FXP_-999._999._Coh_-999._999._LFP_1._999._FLFP_0._0._Ass_-999._999._Year_-999._999.                            
 235,          5.55213824,          4.36427000,          0.04558500,         -1.18786824,    211,Earnings     _Age_51._75._Mar_-999._999._Fem_0._0._Kid_-999._999._Edu_12._999._XP_20._30._FXP_-999._999._Coh_-999._999._LFP_1._999._FLFP_0._0._Ass_-999._999._Year_-999._999.                           
 236,          3.89127699,          4.55951000,          0.06044374,          0.66823301,    252,Earnings     _Age_51._75._Mar_-999._999._Fem_0._0._Kid_-999._999._Edu_12._999._XP_30._40._FXP_-999._999._Coh_-999._999._LFP_1._999._FLFP_0._0._Ass_-999._999._Year_-999._999.                           
 237,          4.18360680,          4.91081000,          0.04208797,          0.72720320,     66,Earnings     _Age_51._75._Mar_-999._999._Fem_0._0._Kid_-999._999._Edu_12._999._XP_40._999._FXP_-999._999._Coh_-999._999._LFP_1._999._FLFP_0._0._Ass_-999._999._Year_-999._999.                          
 238,          3.10941533,          1.58515000,          2.83631619,         -1.52426533,    318,Earnings     _Age_51._75._Mar_-999._999._Fem_1._1._Kid_-999._999._Edu_0._11._XP_0._10._FXP_-999._999._Coh_-999._999._LFP_1._999._FLFP_1._1._Ass_-999._999._Year_-999._999.                              
 239,          3.50270241,          1.43121000,          2.21808180,         -2.07149241,    400,Earnings     _Age_51._75._Mar_-999._999._Fem_1._1._Kid_-999._999._Edu_0._11._XP_10._20._FXP_-999._999._Coh_-999._999._LFP_1._999._FLFP_1._1._Ass_-999._999._Year_-999._999.                             
 240,          3.38976332,          1.70114000,          1.41924496,         -1.68862332,    620,Earnings     _Age_51._75._Mar_-999._999._Fem_1._1._Kid_-999._999._Edu_0._11._XP_20._30._FXP_-999._999._Coh_-999._999._LFP_1._999._FLFP_1._1._Ass_-999._999._Year_-999._999.                             
 241,          4.48174168,          2.05578000,          0.90150190,         -2.42596168,    479,Earnings     _Age_51._75._Mar_-999._999._Fem_1._1._Kid_-999._999._Edu_0._11._XP_30._999._FXP_-999._999._Coh_-999._999._LFP_1._999._FLFP_1._1._Ass_-999._999._Year_-999._999.                            
 242,          4.43135851,          3.42448000,          0.25013945,         -1.00687851,    181,Earnings     _Age_51._75._Mar_-999._999._Fem_1._1._Kid_-999._999._Edu_12._999._XP_0._10._FXP_-999._999._Coh_-999._999._LFP_1._999._FLFP_1._1._Ass_-999._999._Year_-999._999.                            
 243,          5.35143862,          3.81722000,          0.14782010,         -1.53421862,    196,Earnings     _Age_51._75._Mar_-999._999._Fem_1._1._Kid_-999._999._Edu_12._999._XP_10._20._FXP_-999._999._Coh_-999._999._LFP_1._999._FLFP_1._1._Ass_-999._999._Year_-999._999.                           
 244,          5.66609561,          5.31759000,          0.11485777,         -0.34850561,    305,Earnings     _Age_51._75._Mar_-999._999._Fem_1._1._Kid_-999._999._Edu_12._999._XP_20._30._FXP_-999._999._Coh_-999._999._LFP_1._999._FLFP_1._1._Ass_-999._999._Year_-999._999.                           
 245,          6.89653749,          5.96393000,          0.09747073,         -0.93260749,    193,Earnings     _Age_51._75._Mar_-999._999._Fem_1._1._Kid_-999._999._Edu_12._999._XP_30._999._FXP_-999._999._Coh_-999._999._LFP_1._999._FLFP_1._1._Ass_-999._999._Year_-999._999.                          
 246,          0.83780681,          1.14364000,          0.87908997,          0.30583319,    957,Earnings     _Age_51._75._Mar_-999._999._Fem_1._1._Kid_-999._999._Edu_0._11._XP_0._10._FXP_-999._999._Coh_-999._999._LFP_1._999._FLFP_0._0._Ass_-999._999._Year_-999._999.                              
 247,          0.90526585,          1.09010000,          0.87082223,          0.18483415,    612,Earnings     _Age_51._75._Mar_-999._999._Fem_1._1._Kid_-999._999._Edu_0._11._XP_10._20._FXP_-999._999._Coh_-999._999._LFP_1._999._FLFP_0._0._Ass_-999._999._Year_-999._999.                             
 248,          1.17157303,          1.15881000,          1.01827809,         -0.01276303,    482,Earnings     _Age_51._75._Mar_-999._999._Fem_1._1._Kid_-999._999._Edu_0._11._XP_20._30._FXP_-999._999._Coh_-999._999._LFP_1._999._FLFP_0._0._Ass_-999._999._Year_-999._999.                             
 249,          1.53586618,          1.33962000,          0.84322720,         -0.19624618,    418,Earnings     _Age_51._75._Mar_-999._999._Fem_1._1._Kid_-999._999._Edu_0._11._XP_30._999._FXP_-999._999._Coh_-999._999._LFP_1._999._FLFP_0._0._Ass_-999._999._Year_-999._999.                            
 250,          1.64353539,          1.13527000,          1.15204719,         -0.50826539,     89,Earnings     _Age_51._75._Mar_-999._999._Fem_1._1._Kid_-999._999._Edu_12._999._XP_0._10._FXP_-999._999._Coh_-999._999._LFP_1._999._FLFP_0._0._Ass_-999._999._Year_-999._999.                            
 251,          2.32783996,          2.91230000,          0.10293467,          0.58446004,     46,Earnings     _Age_51._75._Mar_-999._999._Fem_1._1._Kid_-999._999._Edu_12._999._XP_10._20._FXP_-999._999._Coh_-999._999._LFP_1._999._FLFP_0._0._Ass_-999._999._Year_-999._999.                           
 252,          2.87402321,          3.53575000,          0.08959763,          0.66172679,     59,Earnings     _Age_51._75._Mar_-999._999._Fem_1._1._Kid_-999._999._Edu_12._999._XP_20._30._FXP_-999._999._Coh_-999._999._LFP_1._999._FLFP_0._0._Ass_-999._999._Year_-999._999.                           
 253,          2.93701826,          3.65434000,          0.08873288,          0.71732174,     45,Earnings     _Age_51._75._Mar_-999._999._Fem_1._1._Kid_-999._999._Edu_12._999._XP_30._999._FXP_-999._999._Coh_-999._999._LFP_1._999._FLFP_0._0._Ass_-999._999._Year_-999._999.                          
 254,          3.46127616,          3.46754000,          0.10389222,          0.00626384,   4441,Earnings     _Age_51._75._Mar_-999._999._Fem_-999._999._Kid_-999._999._Edu_-999._999._XP_-999._999._FXP_-999._999._Coh_-999._50._LFP_1._999._FLFP_1._1._Ass_-999._999._Year_-999._999.                  
 255,          3.29378398,          3.06194000,          0.16405437,         -0.23184398,   1357,Earnings     _Age_51._75._Mar_-999._999._Fem_-999._999._Kid_-999._999._Edu_-999._999._XP_-999._999._FXP_-999._999._Coh_51._52._LFP_1._999._FLFP_1._1._Ass_-999._999._Year_-999._999.                    
 256,          3.64734513,          3.74599000,          0.08201757,          0.09864487,   2429,Earnings     _Age_51._75._Mar_-999._999._Fem_-999._999._Kid_-999._999._Edu_-999._999._XP_-999._999._FXP_-999._999._Coh_53._999._LFP_1._999._FLFP_1._1._Ass_-999._999._Year_-999._999.                   
 257,          1.86596625,          2.03753000,          0.15942022,          0.17156375,   3623,Earnings     _Age_51._75._Mar_-999._999._Fem_-999._999._Kid_-999._999._Edu_-999._999._XP_-999._999._FXP_-999._999._Coh_-999._50._LFP_1._999._FLFP_0._0._Ass_-999._999._Year_-999._999.                  
 258,          2.03902854,          2.07763000,          0.21945177,          0.03860146,    945,Earnings     _Age_51._75._Mar_-999._999._Fem_-999._999._Kid_-999._999._Edu_-999._999._XP_-999._999._FXP_-999._999._Coh_51._52._LFP_1._999._FLFP_0._0._Ass_-999._999._Year_-999._999.                    
