  0.109682947729220     
  0.102251407129456     
  9.166666666666666E-002
  0.171511627906977     
  0.276397515527950     
  0.217105263157895     
  0.138248847926267     
  0.103658536585366     
  0.125984251968504     
  0.302485004284490     
  0.290806754221388     
  0.301190476190476     
  0.473837209302326     
  0.316770186335404     
  0.401315789473684     
  0.419354838709677     
  0.426829268292683     
  0.503937007874016     
  0.131105398457584     
  0.115384615384615     
  0.103571428571429     
  0.125000000000000     
  9.937888198757763E-002
  0.128289473684211     
  0.198156682027650     
  0.146341463414634     
  0.157480314960630     
  0.456726649528706     
  0.491557223264540     
  0.503571428571429     
  0.229651162790698     
  0.307453416149068     
  0.253289473684211     
  0.244239631336406     
  0.323170731707317     
  0.212598425196850     
  0.866109785202864     
  0.849306625577812     
  0.741534988713318     
  0.360862703840084     
  0.217079010375100     
  0.598798161894662     
  0.331051344743276     
  0.219251336898396     
  0.117270788912580     
  3.276353276353276E-002
  0.766798418972332     
  0.621234939759036     
  0.291993720565149     
  9.699321047526674E-003
  3.826530612244898E-003
  0.000000000000000E+000
  0.454952434247342     
  0.467029231815092     
  0.541313918049441     
  0.330576070901034     
  0.427322907083717     
  0.542615484710475     
  0.833333333333333     
  0.441651705565530     
  0.484148439420005     
  0.325756735780020     
  9.293680297397769E-002
  0.364928909952607     
  0.332516339869281     
  0.452291510142750     
  4.469413233458177E-002
  3.393665158371040E-002
  0.626343345274180     
  0.637880986937591     
  0.549467275494673     
  0.492711370262391     
  0.521952817824377     
  0.482689747003995     
  0.452857142857143     
  0.375000000000000     
  0.461538461538462     
  0.538532618739605     
  0.681045751633987     
  0.652271034996277     
  0.686792452830189     
  0.400655347036044     
  0.508073196986007     
  0.766187050359712     
  0.842857142857143     
  0.000000000000000E+000
  0.667241379310345     
  0.692429521697814     
  0.000000000000000E+000
  0.562784645413142     
  0.702671312427410     
  0.230171935662784     
  0.291735995562951     
  9.068219633943428E-002
  0.529672767609540     
  0.776908023483366     
  9.001956947162426E-002
  0.133072407045010     
  3.865546218487395E-002
  0.712605042016807     
  0.248739495798319     
  5.134788189987163E-003
  2.888318356867779E-002
  0.965982028241335     
  0.764885496183206     
  0.106870229007634     
  0.128244274809160     
  0.101351351351351     
  0.600000000000000     
  0.298648648648649     
  4.208754208754209E-002
  0.279461279461279     
  0.678451178451178     
  9.683830171635049E-002
  0.293044263775971     
  0.241192411924119     
  0.138030713640470     
  7.696476964769648E-002
  0.153929539295393     
  0.305107171209315     
  0.288171473934903     
  0.150568933580312     
  9.155861338978566E-002
  4.948399047367028E-002
  0.115109817412014     
  0.148216939078752     
  0.213595839524517     
  0.171619613670134     
  0.119613670133730     
  8.172362555720654E-002
  0.265230312035661     
  0.662850812407681     
  0.188330871491876     
  6.351550960118169E-002
  2.954209748892171E-002
  2.252584933530281E-002
  3.323485967503693E-002
  7.549584133077415E-002
  0.230966090850928     
  0.243122200895713     
  0.175943698016635     
  9.213051823416507E-002
  0.182341650671785     
  0.136612021857924     
  0.292349726775956     
  0.211748633879781     
  0.118852459016393     
  7.650273224043716E-002
  0.163934426229508     
  0.125195618153365     
  0.154929577464789     
  0.136150234741784     
  0.126760563380282     
  8.450704225352113E-002
  0.372456964006260     
  0.353846153846154     
  0.282051282051282     
  0.133333333333333     
  4.615384615384616E-002
  4.615384615384616E-002
  0.138461538461538     
  0.367346938775510     
  0.142857142857143     
  6.122448979591837E-002
  4.081632653061224E-002
  4.081632653061224E-002
  5.102040816326531E-002
  0.295918367346939     
  0.408602150537634     
  0.123655913978495     
  0.118279569892473     
  5.913978494623656E-002
  5.376344086021505E-002
  3.225806451612903E-002
  0.204301075268817     
  0.292351679771265     
  0.322373123659757     
  0.155110793423874     
  6.862044317369549E-002
  2.930664760543245E-002
  2.644746247319514E-002
  0.105789849892781     
  0.288018433179723     
  0.224654377880184     
  0.122119815668203     
  8.986175115207373E-002
  5.875576036866360E-002
  4.953917050691244E-002
  0.167050691244240     
   2.88194436696852     
   2.22239913287337     
   3.73669035678744     
   3.19995310653378     
   7.87037690478304     
   4.48038496443996     
   5.96798986754427     
   5.96798986754427     
   1.72748003120990     
   1.83107972027254     
   2.76155803203589     
   3.27178407632116     
   4.97086332026058     
   4.08769760522535     
   7.15821883918855     
   7.15821883918855     
   3.11670955515723     
   3.48248055852855     
   3.34523494078879     
   5.06690564983647     
   4.10239967128706     
   6.10422025057407     
   6.13538441083046     
   6.13538441083046     
  0.740052452007335     
   1.01962156675950     
   1.34299587603686     
   2.20625326142702     
   1.81349582211496     
   2.83092253944218     
   2.31247669895242     
   2.31247669895242     
   3.34978509200249     
   3.14708999279080     
   2.42439593353448     
   1.80039656449081     
   3.34763922658060     
   6.32855732297750     
   4.48299348476038     
   3.38853064232888     
   1.79504479133966     
   2.19100368020626     
   2.39642641888980     
   1.62404068907014     
   5.12109801894664     
   5.55213823872593     
   3.89127698750934     
   4.18360680496650     
   3.10941532530854     
   3.50270241451329     
   3.38976332213465     
   4.48174167867442     
   4.43135850811254     
   5.35143861940545     
   5.66609560731665     
   6.89653748500283     
  0.837806812638362     
  0.905265851498434     
   1.17157303384238     
   1.53586618404270     
   1.64353538538200     
   2.32783995527343     
   2.87402320873014     
   2.93701826239414     
   3.46127616165659     
   3.29378398346773     
   3.64734513262282     
   1.86596624700874     
   2.03902853680806     
