  9.623430962343096E-002
  0.100000000000000     
  0.130071599045346     
  0.181818181818182     
  0.241042345276873     
  0.248344370860927     
  0.103286384976526     
  0.124223602484472     
  0.152671755725191     
  0.318828451882845     
  0.308333333333333     
  0.255369928400955     
  0.467084639498433     
  0.358306188925081     
  0.397350993377483     
  0.460093896713615     
  0.391304347826087     
  0.526717557251908     
  0.123849372384937     
  0.105555555555556     
  0.110978520286396     
  0.119122257053292     
  8.143322475570032E-002
  0.102649006622517     
  0.187793427230047     
  0.142857142857143     
  8.396946564885496E-002
  0.461087866108787     
  0.486111111111111     
  0.503579952267303     
  0.231974921630094     
  0.319218241042345     
  0.251655629139073     
  0.248826291079812     
  0.341614906832298     
  0.236641221374046     
  0.862651749583432     
  0.843499691928527     
  0.720195562241444     
  0.367422245651028     
  0.199209486166008     
  0.558415171012530     
  0.340123164377072     
  0.218034993270525     
  0.118843683083512     
  5.462184873949580E-002
  0.758830694275274     
  0.626602564102564     
  0.292125984251969     
  5.730659025787965E-003
  6.203473945409430E-003
  0.000000000000000E+000
  0.416314199395770     
  0.479237576582709     
  0.530843332769985     
  0.317829457364341     
  0.413184772516249     
  0.565499351491569     
  0.762195121951220     
  0.440178571428571     
  0.469569520039584     
  0.315917375455650     
  8.914728682170543E-002
  0.345990566037736     
  0.312297734627832     
  0.445893285371703     
  4.232739692607953E-002
  3.675370031598204E-002
  0.648454746136865     
  0.627465303140979     
  0.528459530026110     
  0.473457675753228     
  0.527115716753022     
  0.506666666666667     
  0.433093525179856     
  0.358974358974359     
  0.431818181818182     
  0.514412416851441     
  0.699158174568011     
  0.699695121951220     
  0.800000000000000     
  0.418030256251930     
  0.479775280898876     
  0.746559633027523     
  0.864000000000000     
  0.000000000000000E+000
  0.660309892729440     
  0.699486850545221     
  0.000000000000000E+000
  0.563203176704169     
  0.712350597609562     
  0.227584315876063     
  0.286536879627091     
  9.185632026323005E-002
  0.519056758979984     
  0.791015625000000     
  7.421875000000000E-002
  0.134765625000000     
  5.208333333333334E-002
  0.673611111111111     
  0.274305555555556     
  6.230529595015576E-003
  3.302180685358255E-002
  0.960747663551402     
  0.762737642585551     
  0.114828897338403     
  0.122433460076046     
  0.101231190150479     
  0.599179206566347     
  0.299589603283174     
  5.472636815920398E-002
  0.250414593698176     
  0.694859038142620     
  9.057706355003653E-002
  0.287801314828342     
  0.249817384952520     
  0.126186997808619     
  8.217677136596055E-002
  0.163440467494522     
  0.308800000000000     
  0.294400000000000     
  0.165600000000000     
  8.320000000000000E-002
  4.906666666666667E-002
  9.893333333333333E-002
  0.147280966767372     
  0.239425981873112     
  0.171072507552870     
  0.109516616314199     
  7.477341389728097E-002
  0.257930513595166     
  0.657318478678448     
  0.176334998079139     
  7.222435651171726E-002
  3.956972723780253E-002
  1.536688436419516E-002
  3.918555512869765E-002
  6.907477820025348E-002
  0.262991128010139     
  0.238910012674271     
  0.145120405576679     
  0.110266159695817     
  0.173637515842839     
  0.154639175257732     
  0.306332842415317     
  0.203240058910162     
  0.113402061855670     
  8.689248895434462E-002
  0.135493372606775     
  9.831029185867896E-002
  0.176651305683564     
  0.142857142857143     
  0.102918586789555     
  6.912442396313365E-002
  0.410138248847926     
  0.361990950226244     
  0.271493212669683     
  0.131221719457014     
  0.113122171945701     
  3.167420814479638E-002
  9.049773755656108E-002
  0.336538461538462     
  0.125000000000000     
  6.730769230769230E-002
  1.923076923076923E-002
  7.692307692307693E-002
  7.692307692307693E-002
  0.298076923076923     
  0.476190476190476     
  0.100529100529101     
  6.349206349206349E-002
  5.820105820105820E-002
  6.349206349206349E-002
  2.116402116402116E-002
  0.216931216931217     
  0.289062500000000     
  0.349431818181818     
  0.131392045454545     
  6.605113636363637E-002
  3.338068181818182E-002
  1.420454545454545E-002
  0.116477272727273     
  0.291767554479419     
  0.216707021791768     
  0.135593220338983     
  9.079903147699758E-002
  5.205811138014528E-002
  4.479418886198547E-002
  0.168280871670702     
   2.96758318199635     
   2.31326587230907     
   3.63215822413129     
   3.17050221251236     
   7.92582757398272     
   4.39935117310767     
   6.04381991180780     
   6.04381991180780     
   1.54722384179951     
   1.83976089960847     
   2.46577090904887     
   3.05884704011429     
   4.97642329227277     
   4.57401474818601     
   5.76862701332268     
   5.76862701332268     
   2.79311086645557     
   3.29535295506962     
   4.31534047973871     
   4.59669314970316     
   4.08892480055493     
   6.90673055122218     
   5.44090275485461     
   5.44090275485461     
  0.746882433058357     
   1.00084728599852     
   1.43796711643733     
   2.55830027376557     
   1.77828719633190     
   2.42096875871890     
   2.72478457960458     
   2.72478457960458     
   3.21785647236008     
   3.22413194711392     
   2.48560031226848     
   1.80427174176809     
   3.87715799724531     
   6.53147883946962     
   4.03029290047052     
   3.79377241696257     
   1.60714851620021     
   2.13543827932873     
   2.21824731703405     
   1.64999058974998     
   4.85594476024191     
   5.14258547750613     
   4.51062021397561     
   4.39986471183338     
   3.08859396146090     
   3.52357768628273     
   3.33695834980405     
   3.90625717338058     
   4.68349188236309     
   4.72223411905042     
   5.68862725703649     
   8.26836612809559     
  0.863076658188261     
  0.954538278148233     
   1.20797229809827     
   1.70084426619332     
   1.73888136869916     
   1.80664634507629     
   2.47497855588077     
   3.43331427955999     
   3.24972687150614     
   3.63355312261076     
   3.89812344533435     
   1.83930201928644     
   1.85766237197317     
