  9.440267335004177E-002
  0.100000000000000     
  0.105325443786982     
  0.182662538699690     
  0.242038216560510     
  0.207357859531773     
  0.130434782608696     
  0.146853146853147     
  0.180327868852459     
  0.323308270676692     
  0.298165137614679     
  0.293491124260355     
  0.467492260061920     
  0.347133757961783     
  0.387959866220736     
  0.444444444444444     
  0.370629370629371     
  0.491803278688525     
  0.139515455304929     
  0.124770642201835     
  0.104142011834320     
  0.123839009287926     
  9.872611464968153E-002
  0.133779264214047     
  0.202898550724638     
  0.146853146853147     
  0.106557377049180     
  0.442773600668337     
  0.477064220183486     
  0.497041420118343     
  0.226006191950464     
  0.312101910828025     
  0.270903010033445     
  0.222222222222222     
  0.335664335664336     
  0.221311475409836     
  0.870621872766262     
  0.858062538320049     
  0.702784048156509     
  0.338133333333333     
  0.191082802547771     
  0.564598168870804     
  0.331103678929766     
  0.214190093708166     
  8.034744842562432E-002
  3.409090909090909E-002
  0.788063337393423     
  0.636942675159236     
  0.271517996870110     
  5.882352941176471E-003
  0.000000000000000E+000
  0.000000000000000E+000
  0.418098510882016     
  0.469592259847961     
  0.531548431105048     
  0.327296120348377     
  0.391527001862197     
  0.535019455252918     
  0.750750750750751     
  0.420957542908762     
  0.469565217391304     
  0.318732629238466     
  8.353808353808354E-002
  0.355485741904302     
  0.332792207792208     
  0.435519857206604     
  4.190662908957236E-002
  3.706809795370681E-002
  0.654351395730706     
  0.651661307609861     
  0.560492505353319     
  0.511041009463722     
  0.514362960459615     
  0.507032819825854     
  0.470764617691154     
  0.375000000000000     
  0.416666666666667     
  0.553528207037796     
  0.710832587287377     
  0.697798025816249     
  0.681318681318681     
  0.406713032960387     
  0.520808561236623     
  0.769696969696970     
  0.860000000000000     
  0.000000000000000E+000
  0.697052401746725     
  0.708993853121967     
  0.000000000000000E+000
  0.546791443850267     
  0.709779179810726     
  0.230706075533662     
  0.295840175150520     
  9.250136836343732E-002
  0.512041598248495     
  0.819838056680162     
  7.085020242914980E-002
  0.109311740890688     
  3.832752613240418E-002
  0.682926829268293     
  0.278745644599303     
  1.896333754740834E-003
  3.413400758533502E-002
  0.963969658659924     
  0.759969902182092     
  0.106847253574116     
  0.133182844243792     
  0.107296137339056     
  0.575107296137339     
  0.317596566523605     
  6.016260162601626E-002
  0.252032520325203     
  0.687804878048780     
  9.054006353688669E-002
  0.291740204729968     
  0.247440875397106     
  0.132545005294741     
  8.789269325803035E-002
  0.149841157783269     
  0.303202040238028     
  0.278265797676396     
  0.152734485689997     
  9.322754321337490E-002
  5.270614905072259E-002
  0.119863984131482     
  0.146980630459552     
  0.225218382073680     
  0.159134067603494     
  0.123813140903912     
  8.089631598936574E-002
  0.263957462969996     
  0.668725868725869     
  0.173745173745174     
  6.640926640926641E-002
  3.397683397683398E-002
  2.084942084942085E-002
  3.629343629343629E-002
  6.926952141057935E-002
  0.241183879093199     
  0.244332493702771     
  0.144206549118388     
  0.106423173803526     
  0.194584382871537     
  0.136222910216718     
  0.297213622291022     
  0.196594427244582     
  0.120743034055728     
  7.739938080495357E-002
  0.171826625386997     
  8.818897637795275E-002
  0.162204724409449     
  0.155905511811024     
  0.118110236220472     
  8.976377952755905E-002
  0.385826771653543     
  0.263157894736842     
  0.257894736842105     
  0.168421052631579     
  9.473684210526316E-002
  6.315789473684211E-002
  0.152631578947368     
  0.432989690721650     
  8.247422680412371E-002
  6.185567010309279E-002
  7.216494845360824E-002
  5.154639175257732E-002
  3.092783505154639E-002
  0.268041237113402     
  0.440677966101695     
  9.604519774011300E-002
  6.779661016949153E-002
  7.909604519774012E-002
  5.649717514124294E-002
  3.389830508474576E-002
  0.225988700564972     
  0.292579505300353     
  0.371024734982332     
  0.132155477031802     
  6.007067137809187E-002
  3.462897526501767E-002
  1.625441696113074E-002
  9.328621908127209E-002
  0.272040302267003     
  0.229219143576826     
  0.134760705289673     
  8.060453400503778E-002
  6.423173803526448E-002
  4.030226700251889E-002
  0.178841309823678     
   2.95816569030029     
   2.29195244399882     
   4.01537662703719     
   3.31039483651791     
   5.55732833135861     
   4.32704922013635     
   5.44635414315207     
   5.44635414315207     
   1.74491925239438     
   1.86176349483757     
   2.20011354893262     
   3.54221982986020     
   6.88463049005488     
   4.57946724900662     
   7.38405289834923     
   7.38405289834923     
   3.00861536263473     
   3.59297822180748     
   3.77436150816595     
   4.21640464818677     
   4.82306795267172     
   6.53992577862663     
   5.21891750094056     
   5.21891750094056     
  0.760055276170699     
  0.979696868987085     
   1.59873926145909     
   2.18832581662962     
   2.09352266101003     
   3.14334894570564     
   2.39959601734546     
   2.39959601734546     
   3.13109888545946     
   3.26786365848244     
   2.52864727677697     
   1.87390340671217     
   4.38747071065042     
   5.83117441741813     
   4.17897940412564     
   2.95975343779756     
   1.83010001322318     
   2.31034795596731     
   2.32668572779278     
   1.63201199119656     
   5.09813791763591     
   6.10055048557165     
   4.62366591342258     
   4.82811286958244     
   3.13305861254141     
   3.60602309414812     
   3.21834636860609     
   4.31596351347135     
   5.49776307572439     
   4.95459404155277     
   5.56090112064165     
   7.23051764102103     
  0.932554256967541     
  0.857953529047691     
   1.25011453004270     
   1.32315423401423     
   1.99969675199308     
   1.96498779442965     
   2.89061635490312     
   4.41982838677639     
   3.32001672520222     
   3.37906298277085     
   3.84136337122343     
   1.83473861720381     
   2.18760580927290     
