  0.113967437874893     
  0.110900473933649     
  9.750297265160524E-002
  0.180758017492711     
  0.242236024844721     
  0.219672131147541     
  0.183856502242152     
  0.124260355029586     
  0.196969696969697     
  0.305912596401028     
  0.299526066350711     
  0.291319857312723     
  0.489795918367347     
  0.372670807453416     
  0.377049180327869     
  0.484304932735426     
  0.556213017751479     
  0.568181818181818     
  0.131962296486718     
  0.102369668246445     
  9.155766944114149E-002
  0.110787172011662     
  8.074534161490683E-002
  0.124590163934426     
  0.147982062780269     
  0.124260355029586     
  8.333333333333333E-002
  0.448157669237361     
  0.487203791469194     
  0.519619500594530     
  0.218658892128280     
  0.304347826086957     
  0.278688524590164     
  0.183856502242152     
  0.195266272189349     
  0.151515151515152     
  0.879761904761905     
  0.855166051660517     
  0.739849624060150     
  0.370116156282999     
  0.199048374306106     
  0.581363004172462     
  0.299014778325123     
  0.208031599736669     
  0.110032362459547     
  4.067321178120617E-002
  0.759537572254335     
  0.649773071104387     
  0.279051383399209     
  6.782945736434108E-003
  2.490660024906600E-003
  0.000000000000000E+000
  0.413213213213213     
  0.463728813559322     
  0.540165736512768     
  0.316265356265356     
  0.436548223350254     
  0.547572815533981     
  0.751497005988024     
  0.446696035242291     
  0.479120336051396     
  0.311428255337980     
  8.505564387917329E-002
  0.361935936404021     
  0.311252992817239     
  0.439915776808543     
  3.955362678239305E-002
  3.657347204161249E-002
  0.589174560216509     
  0.599784250269687     
  0.523882113821138     
  0.475035663338088     
  0.516075016744809     
  0.521145975443383     
  0.469357249626308     
  0.486238532110092     
  0.290322580645161     
  0.477970386421091     
  0.675975177304965     
  0.701123595505618     
  0.662921348314607     
  0.413300186451212     
  0.509513742071882     
  0.760047281323877     
  0.900398406374502     
  0.000000000000000E+000
  0.642464917632703     
  0.668988443881589     
  0.000000000000000E+000
  0.567658998646820     
  0.719968491532099     
  0.231453181439289     
  0.290636287857738     
  9.224784662406224E-002
  0.522645179216449     
  0.811175337186898     
  5.009633911368015E-002
  0.138728323699422     
  4.869565217391304E-002
  0.714782608695652     
  0.236521739130435     
  3.766478342749529E-003
  2.259887005649718E-002
  0.973634651600753     
  0.784360189573460     
  9.083728278041074E-002
  0.124802527646130     
  6.310679611650485E-002
  0.633495145631068     
  0.303398058252427     
  2.517985611510791E-002
  0.278776978417266     
  0.696043165467626     
  8.779564806054872E-002
  0.297445600756859     
  0.247114474929044     
  0.148155156102176     
  7.455061494796594E-002
  0.144938505203406     
  0.318170761371929     
  0.285088786183410     
  0.149112138165896     
  8.659693505229871E-002
  5.254196059352956E-002
  0.108489418632936     
  0.141365162252891     
  0.228273032450578     
  0.178291682208131     
  0.110033569563596     
  8.355091383812011E-002
  0.258485639686684     
  0.658914728682170     
  0.198837209302326     
  6.589147286821706E-002
  2.829457364341085E-002
  1.627906976744186E-002
  3.178294573643411E-002
  7.147540983606557E-002
  0.242622950819672     
  0.234098360655738     
  0.187540983606557     
  9.180327868852459E-002
  0.172459016393443     
  0.139534883720930     
  0.266757865937073     
  0.212038303693570     
  0.134062927496580     
  7.934336525307797E-002
  0.168262653898769     
  0.107309486780715     
  0.150855365474339     
  0.152410575427683     
  9.020217729393468E-002
  8.398133748055987E-002
  0.415241057542768     
  0.280788177339901     
  0.320197044334975     
  0.142857142857143     
  7.881773399014778E-002
  4.926108374384237E-002
  0.128078817733990     
  0.412500000000000     
  0.125000000000000     
  6.250000000000000E-002
  5.000000000000000E-002
  5.000000000000000E-002
  2.500000000000000E-002
  0.275000000000000     
  0.361702127659574     
  0.106382978723404     
  9.219858156028368E-002
  2.836879432624113E-002
  7.801418439716312E-002
  4.255319148936170E-002
  0.290780141843972     
  0.289250353606789     
  0.349363507779349     
  0.130834512022631     
  7.142857142857142E-002
  3.748231966053748E-002
  1.485148514851485E-002
  0.106789250353607     
  0.291532690246517     
  0.215434083601286     
  0.123258306538049     
  7.073954983922830E-002
  6.002143622722401E-002
  3.858520900321544E-002
  0.200428724544480     
   2.60418614097152     
   2.20125218058106     
   3.58517158271824     
   3.24342966260513     
   8.72944162637026     
   4.29326754866180     
   6.00162983225565     
   6.00162983225565     
   1.58530539516686     
   1.80740145653057     
   2.18947616975401     
   3.31657657859862     
   4.67561327011218     
   4.61040337882166     
   7.15479245309545     
   7.15479245309545     
   2.51105846930259     
   3.23544621658969     
   3.25498060726120     
   5.03923988452553     
   4.98988655454706     
   6.57382218670506     
   5.83081273095176     
   5.83081273095176     
  0.755361468709430     
  0.911550296373575     
   1.33424827243823     
   2.22599012576133     
   2.34062462252834     
   3.22698120420877     
   1.63402824705059     
   1.63402824705059     
   2.84533243815281     
   3.17255532309807     
   2.44365485529037     
   1.73507376401531     
   4.64353303922726     
   6.25937852363674     
   4.20180102973631     
   3.29636400768081     
   1.63987588829911     
   2.01850626966045     
   2.34659035843337     
   1.67213778404800     
   5.52213359191876     
   5.74710522589305     
   4.60075701268808     
   4.23214682304688     
   2.58511275931310     
   3.31585551749889     
   3.32294648728839     
   4.10151605314662     
   5.33454515236021     
   5.06418582085462     
   5.87725678344130     
   7.74639863660114     
  0.829499728555888     
  0.921849958305428     
   1.07826460585014     
   1.54340230582554     
   2.05543960120194     
   3.01318603625579     
   3.09780005334555     
   2.91473194238186     
   3.36215822970141     
   3.34056708603480     
   3.76139971528031     
   1.88843043523406     
   1.93997621264015     
