  0.115281501340483     
  0.111111111111111     
  9.036860879904875E-002
  0.191256830601093     
  0.232198142414861     
  0.214983713355049     
  0.133891213389121     
  0.107344632768362     
  0.136363636363636     
  0.301161751563896     
  0.308429118773946     
  0.298454221165279     
  0.456284153005464     
  0.346749226006192     
  0.381107491856678     
  0.414225941422594     
  0.423728813559322     
  0.507575757575758     
  0.134941912421805     
  0.111111111111111     
  0.108204518430440     
  0.117486338797814     
  0.102167182662539     
  0.117263843648208     
  0.213389121338912     
  0.158192090395480     
  0.128787878787879     
  0.448614834673816     
  0.469348659003831     
  0.502972651605232     
  0.234972677595628     
  0.318885448916409     
  0.286644951140065     
  0.238493723849372     
  0.310734463276836     
  0.227272727272727     
  0.847199046483909     
  0.845561035758323     
  0.716647876738068     
  0.385427666314678     
  0.194422310756972     
  0.572099747018431     
  0.317193675889328     
  0.219479653102068     
  0.106471816283925     
  5.750350631136045E-002
  0.748083242059146     
  0.634311512415350     
  0.292152292152292     
  7.699711260827719E-003
  5.012531328320802E-003
  0.000000000000000E+000
  0.418951132300358     
  0.480736447323559     
  0.533277169334457     
  0.324568288854003     
  0.408398707891094     
  0.543520309477756     
  0.772455089820359     
  0.446017699115044     
  0.480059084194978     
  0.313742819266460     
  0.109898674980514     
  0.346884772672600     
  0.298425196850394     
  0.445556385362211     
  4.534606205250596E-002
  3.424112119764294E-002
  0.655036578503095     
  0.648924535180459     
  0.526481384373361     
  0.523287671232877     
  0.525601898948796     
  0.505723905723906     
  0.458156028368794     
  0.436363636363636     
  0.444444444444444     
  0.542819499341239     
  0.682915921288014     
  0.713338246131172     
  0.709558823529412     
  0.415054413542926     
  0.529943502824859     
  0.758007117437722     
  0.817829457364341     
  0.000000000000000E+000
  0.664135514018692     
  0.713182037662965     
  0.000000000000000E+000
  0.553500660501982     
  0.706810311658330     
  0.226463104325700     
  0.295165394402036     
  9.612666101215719E-002
  0.520780322307040     
  0.782857142857143     
  8.571428571428572E-002
  0.131428571428571     
  4.416961130742050E-002
  0.701413427561837     
  0.254416961130742     
  3.729024238657551E-003
  2.858918582970789E-002
  0.967681789931635     
  0.761904761904762     
  0.109599395313681     
  0.128495842781557     
  8.933717579250720E-002
  0.587896253602305     
  0.322766570605187     
  5.797101449275362E-002
  0.251207729468599     
  0.690821256038647     
  0.100502512562814     
  0.287508973438622     
  0.242103374012922     
  0.139447236180905     
  6.963388370423547E-002
  0.160804020100503     
  0.302551303383250     
  0.296727676095397     
  0.150582362728785     
  8.374930671103716E-002
  4.326123128119801E-002
  0.123128119800333     
  0.151931649331352     
  0.237369985141159     
  0.151188707280832     
  0.113298662704309     
  7.986627043090638E-002
  0.266344725111441     
  0.643735588009224     
  0.199077632590315     
  6.264411990776327E-002
  4.227517294388931E-002
  1.806302843966180E-002
  3.420445810914681E-002
  8.840864440078586E-002
  0.216764898493779     
  0.254747871643746     
  0.143418467583497     
  9.626719056974460E-002
  0.200392927308448     
  0.143864598025388     
  0.296191819464034     
  0.214386459802539     
  0.124118476727786     
  6.770098730606489E-002
  0.153737658674189     
  0.117370892018779     
  0.186228482003130     
  0.136150234741784     
  9.702660406885759E-002
  7.511737089201878E-002
  0.388106416275430     
  0.401960784313726     
  0.220588235294118     
  0.122549019607843     
  9.313725490196079E-002
  5.392156862745098E-002
  0.107843137254902     
  0.413793103448276     
  0.126436781609195     
  9.195402298850575E-002
  6.896551724137931E-002
  2.298850574712644E-002
  4.597701149425287E-002
  0.229885057471264     
  0.500000000000000     
  0.126315789473684     
  6.315789473684211E-002
  5.789473684210526E-002
  4.210526315789474E-002
  4.210526315789474E-002
  0.168421052631579     
  0.284707540521494     
  0.338971106412967     
  0.148696264975335     
  5.990133897110642E-002
  3.594080338266385E-002
  2.255109231853418E-002
  0.109231853417900     
  0.265838509316770     
  0.206211180124224     
  0.137888198757764     
  8.322981366459627E-002
  6.583850931677018E-002
  5.341614906832298E-002
  0.187577639751553     
   2.95434399905560     
   2.15822297809014     
   3.70402672068564     
   3.28052262388017     
   8.14060622123195     
   4.51043758371306     
   6.50988457253133     
   6.50988457253133     
   1.65012795975081     
   1.87638159317980     
   2.63184032595808     
   3.07875877903019     
   5.18939072451751     
   5.25286505085011     
   6.86358365612961     
   6.86358365612961     
   2.78997015366131     
   3.44101476007583     
   3.47517088909712     
   4.73415342148272     
   3.54611420404114     
   6.13259768616565     
   6.91331161632307     
   6.91331161632307     
  0.785062352769384     
  0.951333020816615     
   1.69514839119034     
   2.40840942191527     
   1.96725210182646     
   2.76688668229918     
   2.35025131543962     
   2.35025131543962     
   3.18603075652346     
   3.21919379813302     
   2.40938481767567     
   1.75948444069811     
   3.98230677277176     
   6.55590430547872     
   4.39219584410567     
   3.67447928102953     
   1.75436720208822     
   2.12696035735362     
   2.35716408620625     
   1.63825016079127     
   3.86850413813677     
   6.41051229191240     
   5.17664132953884     
   4.29201650494963     
   2.96996789793407     
   3.18813487502571     
   3.31053732958935     
   4.37538423453402     
   3.78333244152730     
   4.81200167886389     
   6.38253256759171     
   7.05192640508209     
  0.931263163799281     
  0.883830248048439     
   1.27751665318986     
   1.47537959198683     
   1.91065532224122     
   1.85473867951582     
   3.20119501063502     
   3.04435624661842     
   3.27987333842259     
   3.61835703951864     
   3.81620555937553     
   1.85075013796026     
   2.10414405799302     
