  0.10235580828594638     
  0.11081081081081082     
  0.10926365795724466     
  0.17434210526315788     
  0.22591362126245848     
  0.18589743589743590     
  0.31606217616580312     
  0.34532374100719426     
  0.25203252032520324     
  0.32412672623883021     
  0.30270270270270272     
  0.30760095011876487     
  0.48684210526315791     
  0.36877076411960130     
  0.41025641025641024     
  0.42487046632124353     
  0.43165467625899279     
  0.49593495934959347     
  0.11291632818846466     
  0.11531531531531532     
  0.10332541567695962     
  0.12171052631578948     
   6.9767441860465115E-002
  0.11217948717948718     
   8.8082901554404139E-002
   5.7553956834532377E-002
   8.1300813008130079E-002
  0.46060113728675872     
  0.47117117117117119     
  0.47980997624703087     
  0.21710526315789475     
  0.33554817275747506     
  0.29166666666666669     
  0.17098445595854922     
  0.16546762589928057     
  0.17073170731707318     
  0.86416805920267370     
  0.83000920527769251     
  0.71938392186326072     
  0.35991605456453307     
  0.20383693045563550     
  0.57781456953642385     
  0.29172510518934081     
  0.19395973154362417     
  0.11468381564844587     
   3.7974683544303799E-002
  0.77309868007542426     
  0.63175122749590840     
  0.28682170542635660     
   7.7145612343297977E-003
   5.1948051948051948E-003
   0.0000000000000000     
  0.39677975848188612     
  0.45361177678877096     
  0.53399048266485383     
  0.31597051597051595     
  0.40297812936249416     
  0.53543814432989689     
  0.79758308157099700     
  0.44774774774774773     
  0.48470646275283669     
  0.30012164104832467     
   8.5194375516956161E-002
  0.33545347467608949     
  0.30046583850931680     
  0.44462711104468688     
   4.1119016037622094E-002
   3.4517766497461931E-002
  0.65718232044198899     
  0.65508317929759707     
  0.52793733681462141     
  0.50874635568513116     
  0.54050420168067226     
  0.54871060171919772     
  0.52200303490136568     
  0.47826086956521741     
  0.54838709677419351     
  0.54470477975632614     
  0.70837004405286341     
  0.67357910906298002     
  0.71167883211678828     
  0.43421461897356145     
  0.55889145496535797     
  0.82430806257521061     
  0.85227272727272729     
   0.0000000000000000     
  0.71650055370985599     
  0.69089443996776789     
   0.0000000000000000     
  0.58547854785478548     
  0.73690383111806101     
  0.22225215517241378     
  0.28690732758620691     
   9.5905172413793108E-002
  0.50781250000000000     
  0.81749049429657794     
   6.0836501901140684E-002
  0.12167300380228137     
   4.3859649122807015E-002
  0.65964912280701760     
  0.29649122807017542     
   5.6962025316455696E-003
   1.8987341772151899E-002
  0.97531645569620251     
  0.76870748299319724     
   9.7505668934240369E-002
  0.13378684807256236     
  0.11596180081855388     
  0.59345156889495221     
  0.29058663028649384     
   3.2203389830508473E-002
  0.23389830508474577     
  0.73389830508474574     
   7.9126387397064082E-002
  0.29090583601861797     
  0.25008950948800573     
  0.13802363050483352     
   8.8256355173648410E-002
  0.15359828141783030     
  0.30598052851182195     
  0.28011126564673156     
  0.15465924895688457     
   8.3171070931849791E-002
   5.3963838664812240E-002
  0.12211404728789986     
  0.16523297491039426     
  0.22186379928315411     
  0.16344086021505377     
  0.10896057347670252     
   8.4946236559139784E-002
  0.25555555555555554     
  0.67309304274937132     
  0.18524727577535624     
   5.9513830678960607E-002
   3.4786253143336131E-002
   1.5507124895222130E-002
   3.1852472757753561E-002
   6.4054726368159204E-002
  0.25995024875621892     
  0.19278606965174130     
  0.14738805970149255     
  0.11318407960199005     
  0.22263681592039802     
  0.16012084592145015     
  0.27039274924471302     
  0.19637462235649547     
  0.11631419939577040     
   8.1570996978851965E-002
  0.17522658610271905     
  0.13576642335766423     
  0.16058394160583941     
  0.14452554744525548     
  0.11970802919708029     
   8.1751824817518248E-002
  0.35766423357664234     
  0.24657534246575341     
  0.30136986301369861     
  0.19863013698630136     
   8.9041095890410954E-002
   4.1095890410958902E-002
  0.12328767123287671     
  0.29999999999999999     
  0.12727272727272726     
   6.3636363636363630E-002
   3.6363636363636362E-002
   8.1818181818181818E-002
   3.6363636363636362E-002
  0.35454545454545455     
  0.37267080745341613     
  0.10559006211180125     
  0.10559006211180125     
   6.2111801242236024E-002
   7.4534161490683232E-002
   3.7267080745341616E-002
  0.24223602484472051     
  0.29025570145127849     
  0.35107118175535590     
  0.12093987560469938     
   7.3946095369730472E-002
   4.1465100207325502E-002
   2.4187975120939877E-002
   9.8134070490670355E-002
  0.30949445129469788     
  0.21948212083847102     
  0.11220715166461159     
   8.6313193588162765E-002
   5.6720098643649818E-002
   4.0690505548705305E-002
  0.17509247842170161     
   2.9864392961163881     
   2.3434674514003442     
   4.0769845134727767     
   3.4335668128760881     
   6.3133291477209648     
   4.1961060740911105     
   5.1114455383995869     
   5.1114455383995869     
   1.8092209897338090     
   1.8267079870788108     
   2.6421550408624404     
   3.4195168216915643     
   4.8919539287610094     
   4.8318731291019104     
   6.8918443651730144     
   6.8918443651730144     
   2.6987563022193433     
   3.4052830897552377     
   3.5021443561529928     
   4.7479549295674532     
   5.2164190523959872     
   5.9525853206983479     
   6.9482305091915730     
   6.9482305091915730     
  0.70131201878850435     
  0.91881247230151331     
   1.4602152679222757     
   2.5546100395468487     
   1.6762322831650611     
   3.4454380603318042     
   2.1284844682840904     
   2.1284844682840904     
   3.5213325799491839     
   3.2974491490284978     
   2.6417247233871732     
   1.8115414047472600     
   3.5712498606720069     
   5.6240934396755682     
   4.0413084573146962     
   3.4449427852706562     
   1.9340300975405176     
   2.2067410020726643     
   2.3887166829352604     
   1.6196674295818199     
   5.9163374649533420     
   5.5134054378316231     
   4.9159922184135603     
   4.5078042018017026     
   2.7968226557059430     
   3.7311271301768154     
   3.2486153307595087     
   4.0426919347115735     
   5.8846879128534582     
   4.8144342400177917     
   5.8029851372522137     
   7.5903434993251828     
  0.85918028899363685     
  0.83889187606707061     
   1.3911745175286243     
   1.2324152270568105     
   1.6683558502100215     
   1.9820243598435103     
   2.9484569226705744     
   4.0544433940875084     
   3.4351854577971110     
   3.4333646512447591     
   3.7682802972770664     
   1.8777026118842046     
   2.0639997634242500     
