  0.104289318755257     
  0.102325581395349     
  9.004739336492891E-002
  0.187878787878788     
  0.217252396166134     
  0.223684210526316     
  0.140845070422535     
  0.140127388535032     
  0.148760330578512     
  0.303616484440706     
  0.282790697674419     
  0.299763033175355     
  0.472727272727273     
  0.380191693290735     
  0.375000000000000     
  0.460093896713615     
  0.414012738853503     
  0.487603305785124     
  0.140454163162321     
  0.132093023255814     
  0.120853080568720     
  0.121212121212121     
  9.265175718849840E-002
  0.108552631578947     
  0.187793427230047     
  0.152866242038217     
  0.115702479338843     
  0.451640033641716     
  0.482790697674419     
  0.489336492890995     
  0.218181818181818     
  0.309904153354633     
  0.292763157894737     
  0.211267605633803     
  0.292993630573248     
  0.247933884297521     
  0.869782971619366     
  0.849723417332514     
  0.741172051089406     
  0.376383763837638     
  0.210483870967742     
  0.583560709413370     
  0.338609112709832     
  0.217043941411451     
  0.103632478632479     
  5.758426966292135E-002
  0.758620689655172     
  0.628841607565012     
  0.273437500000000     
  7.670182166826462E-003
  3.759398496240601E-003
  0.000000000000000E+000
  0.425245098039216     
  0.492654595148616     
  0.531575411488075     
  0.323140252866804     
  0.400369856680536     
  0.575953458306399     
  0.793939393939394     
  0.435626102292769     
  0.476987447698745     
  0.318814945832412     
  8.566853482786228E-002
  0.351099426386233     
  0.333594976452119     
  0.448518627163391     
  4.248806171176687E-002
  3.442028985507246E-002
  0.650397587057856     
  0.642314647377939     
  0.519006588950836     
  0.450980392156863     
  0.522932708403080     
  0.505984042553192     
  0.474852071005917     
  0.447619047619048     
  0.295454545454545     
  0.536554004408523     
  0.670742358078603     
  0.691330343796712     
  0.690972222222222     
  0.403397027600849     
  0.541570438799076     
  0.765432098765432     
  0.851145038167939     
  0.000000000000000E+000
  0.701176470588235     
  0.692028413575375     
  0.000000000000000E+000
  0.541720154043646     
  0.714506769825919     
  0.237153064028579     
  0.291563616378126     
  8.985985160758450E-002
  0.511953833470734     
  0.782692307692308     
  8.076923076923077E-002
  0.136538461538462     
  4.123711340206185E-002
  0.678694158075601     
  0.280068728522337     
  3.150598613736610E-003
  3.528670447385003E-002
  0.961562696912413     
  0.781609195402299     
  9.195402298850575E-002
  0.126436781609195     
  0.109042553191489     
  0.609042553191489     
  0.281914893617021     
  3.780068728522337E-002
  0.250859106529210     
  0.711340206185567     
  8.726034760795556E-002
  0.314638953592546     
  0.248521770292062     
  0.120766887654542     
  7.041748790539330E-002
  0.158394552947500     
  0.298756284731410     
  0.290288436094205     
  0.149510452500662     
  8.997089177030961E-002
  5.689335803122519E-002
  0.114580576872188     
  0.148668639053254     
  0.233727810650888     
  0.169008875739645     
  0.111686390532544     
  8.025147928994082E-002
  0.256656804733728     
  0.676110260336907     
  0.164624808575804     
  7.120980091883614E-002
  3.407350689127105E-002
  1.722817764165390E-002
  3.675344563552833E-002
  7.486979166666667E-002
  0.287760416666667     
  0.240885416666667     
  0.127604166666667     
  7.552083333333333E-002
  0.193359375000000     
  0.160477453580902     
  0.283819628647215     
  0.187002652519894     
  0.131299734748011     
  7.427055702917772E-002
  0.163129973474801     
  9.384164222873900E-002
  0.170087976539589     
  0.162756598240469     
  0.117302052785924     
  7.771260997067449E-002
  0.378299120234604     
  0.306220095693780     
  0.282296650717703     
  0.181818181818182     
  9.569377990430622E-002
  6.698564593301436E-002
  6.698564593301436E-002
  0.396226415094340     
  0.160377358490566     
  7.547169811320754E-002
  1.886792452830189E-002
  1.886792452830189E-002
  5.660377358490566E-002
  0.273584905660377     
  0.444444444444444     
  6.790123456790123E-002
  6.790123456790123E-002
  4.938271604938271E-002
  9.259259259259259E-002
  4.938271604938271E-002
  0.228395061728395     
  0.283111422564821     
  0.359495444989488     
  0.130343377715487     
  6.517168885774352E-002
  3.644008409250175E-002
  1.822004204625088E-002
  0.107217939733707     
  0.300117233294256     
  0.208675263774912     
  0.138335287221571     
  8.323563892145369E-002
  4.337631887456037E-002
  3.985932004689332E-002
  0.186400937866354     
   2.90596598008533     
   2.21871201502631     
   4.01223945335452     
   3.15891367263789     
   7.29859406553510     
   4.45084517959626     
   5.87338400609876     
   5.87338400609876     
   1.76235541934049     
   1.83750726443190     
   2.10714515197090     
   3.41817823547456     
   4.84735207444933     
   4.54534282614849     
   6.60319534795407     
   6.60319534795407     
   2.90196258677136     
   3.40810253065725     
   3.53473201284152     
   4.13573939795139     
   3.86129178072404     
   6.20119441201626     
   5.14386176762165     
   5.14386176762165     
  0.732412577711311     
   1.05217314365843     
   1.53667116516364     
   2.83274872949413     
   1.81960128167254     
   2.46704516418020     
   3.61975224954151     
   3.61975224954151     
   3.19377238495471     
   3.25100170367618     
   2.37653797472285     
   1.67060183383484     
   2.82443656987363     
   6.51080839183878     
   4.15892675752541     
   3.69035677406375     
   1.87402652353921     
   2.29505306320465     
   2.30865723375620     
   1.72099589816528     
   5.10670242933020     
   5.28633001199579     
   4.87749608594711     
   3.50621427176557     
   3.17559760885135     
   3.35698650990522     
   3.29494211555132     
   3.88038476688704     
   4.26251584246671     
   4.16696160970310     
   5.90849217927058     
   6.56746666002511     
  0.815080973807426     
  0.994370770838861     
   1.26090583252309     
   1.68413607310562     
   1.63894378559331     
   2.22321510851881     
   2.72805010112468     
   4.44464008864373     
   3.24333647252744     
   3.49039631427290     
   3.70767324376036     
   1.88686078911643     
   2.03230492370148     
