 i, m(i) , mdata(i) , weights(i) , loss(1,i) ,nobs(i)
   1,          0.09539749,          0.10851000,       6250.00000000,          0.01311251,   1195,0_Assets     _Age_51._55._Mar_1._1._Fem_-999._999._Kid_-999._999._Edu_-999._999._XP_-999._999._FXP_-999._999._Coh_-999._999._LFP_-999._999._FLFP_-999._999._Ass_-999._999._Year_-999._999.              
   2,          0.09907407,          0.06216000,       9090.90909091,         -0.03691407,   1080,0_Assets     _Age_56._61._Mar_1._1._Fem_-999._999._Kid_-999._999._Edu_-999._999._XP_-999._999._FXP_-999._999._Coh_-999._999._LFP_-999._999._FLFP_-999._999._Ass_-999._999._Year_-999._999.              
   3,          0.12052506,          0.07452000,       5882.35294118,         -0.04600506,    838,0_Assets     _Age_61._66._Mar_1._1._Fem_-999._999._Kid_-999._999._Edu_-999._999._XP_-999._999._FXP_-999._999._Coh_-999._999._LFP_-999._999._FLFP_-999._999._Ass_-999._999._Year_-999._999.              
   4,          0.19749216,          0.17834000,       1075.26881720,         -0.01915216,    319,0_Assets     _Age_51._55._Mar_0._0._Fem_1._1._Kid_-999._999._Edu_-999._999._XP_-999._999._FXP_-999._999._Coh_-999._999._LFP_-999._999._FLFP_-999._999._Ass_-999._999._Year_-999._999.                   
   5,          0.24755700,          0.15287000,       1219.51219512,         -0.09468700,    307,0_Assets     _Age_56._61._Mar_0._0._Fem_1._1._Kid_-999._999._Edu_-999._999._XP_-999._999._FXP_-999._999._Coh_-999._999._LFP_-999._999._FLFP_-999._999._Ass_-999._999._Year_-999._999.                   
   6,          0.21854305,          0.16352000,       1162.79069767,         -0.05502305,    302,0_Assets     _Age_61._66._Mar_0._0._Fem_1._1._Kid_-999._999._Edu_-999._999._XP_-999._999._FXP_-999._999._Coh_-999._999._LFP_-999._999._FLFP_-999._999._Ass_-999._999._Year_-999._999.                   
   7,          0.09859155,          0.17241000,        609.75609756,          0.07381845,    213,0_Assets     _Age_51._55._Mar_0._0._Fem_0._0._Kid_-999._999._Edu_-999._999._XP_-999._999._FXP_-999._999._Coh_-999._999._LFP_-999._999._FLFP_-999._999._Ass_-999._999._Year_-999._999.                   
   8,          0.11180124,          0.22857000,        396.82539683,          0.11676876,    161,0_Assets     _Age_56._61._Mar_0._0._Fem_0._0._Kid_-999._999._Edu_-999._999._XP_-999._999._FXP_-999._999._Coh_-999._999._LFP_-999._999._FLFP_-999._999._Ass_-999._999._Year_-999._999.                   
   9,          0.15267176,          0.37500000,        238.66348449,          0.22232824,    131,0_Assets     _Age_61._66._Mar_0._0._Fem_0._0._Kid_-999._999._Edu_-999._999._XP_-999._999._FXP_-999._999._Coh_-999._999._LFP_-999._999._FLFP_-999._999._Ass_-999._999._Year_-999._999.                   
  10,          0.32217573,          0.22204000,       3448.27586207,         -0.10013573,   1195,Assets<5     _Age_51._55._Mar_1._1._Fem_-999._999._Kid_-999._999._Edu_-999._999._XP_-999._999._FXP_-999._999._Coh_-999._999._LFP_-999._999._FLFP_-999._999._Ass_-999._999._Year_-999._999.              
  11,          0.31203704,          0.17733000,       3703.70370370,         -0.13470704,   1080,Assets<5     _Age_56._61._Mar_1._1._Fem_-999._999._Kid_-999._999._Edu_-999._999._XP_-999._999._FXP_-999._999._Coh_-999._999._LFP_-999._999._FLFP_-999._999._Ass_-999._999._Year_-999._999.              
  12,          0.26730310,          0.18510000,       2777.77777778,         -0.08220310,    838,Assets<5     _Age_61._66._Mar_1._1._Fem_-999._999._Kid_-999._999._Edu_-999._999._XP_-999._999._FXP_-999._999._Coh_-999._999._LFP_-999._999._FLFP_-999._999._Ass_-999._999._Year_-999._999.              
  13,          0.45141066,          0.18471000,       1041.66666667,         -0.26670066,    319,Assets<5     _Age_51._55._Mar_0._0._Fem_1._1._Kid_-999._999._Edu_-999._999._XP_-999._999._FXP_-999._999._Coh_-999._999._LFP_-999._999._FLFP_-999._999._Ass_-999._999._Year_-999._999.                   
  14,          0.34853420,          0.22293000,        909.09090909,         -0.12560420,    307,Assets<5     _Age_56._61._Mar_0._0._Fem_1._1._Kid_-999._999._Edu_-999._999._XP_-999._999._FXP_-999._999._Coh_-999._999._LFP_-999._999._FLFP_-999._999._Ass_-999._999._Year_-999._999.                   
  15,          0.39403974,          0.26415000,        819.67213115,         -0.12988974,    302,Assets<5     _Age_61._66._Mar_0._0._Fem_1._1._Kid_-999._999._Edu_-999._999._XP_-999._999._FXP_-999._999._Coh_-999._999._LFP_-999._999._FLFP_-999._999._Ass_-999._999._Year_-999._999.                   
  16,          0.46478873,          0.17241000,        609.75609756,         -0.29237873,    213,Assets<5     _Age_51._55._Mar_0._0._Fem_0._0._Kid_-999._999._Edu_-999._999._XP_-999._999._FXP_-999._999._Coh_-999._999._LFP_-999._999._FLFP_-999._999._Ass_-999._999._Year_-999._999.                   
  17,          0.40372671,          0.22857000,        396.82539683,         -0.17515671,    161,Assets<5     _Age_56._61._Mar_0._0._Fem_0._0._Kid_-999._999._Edu_-999._999._XP_-999._999._FXP_-999._999._Coh_-999._999._LFP_-999._999._FLFP_-999._999._Ass_-999._999._Year_-999._999.                   
  18,          0.52671756,          0.21429000,        332.22591362,         -0.31242756,    131,Assets<5     _Age_61._66._Mar_0._0._Fem_0._0._Kid_-999._999._Edu_-999._999._XP_-999._999._FXP_-999._999._Coh_-999._999._LFP_-999._999._FLFP_-999._999._Ass_-999._999._Year_-999._999.                   
  19,          0.12301255,          0.16694000,       4347.82608696,          0.04392745,   1195,Assets<10     _Age_51._55._Mar_1._1._Fem_-999._999._Kid_-999._999._Edu_-999._999._XP_-999._999._FXP_-999._999._Coh_-999._999._LFP_-999._999._FLFP_-999._999._Ass_-999._999._Year_-999._999.             
  20,          0.10833333,          0.18099000,       3703.70370370,          0.07265667,   1080,Assets<10     _Age_56._61._Mar_1._1._Fem_-999._999._Kid_-999._999._Edu_-999._999._XP_-999._999._FXP_-999._999._Coh_-999._999._LFP_-999._999._FLFP_-999._999._Ass_-999._999._Year_-999._999.             
  21,          0.11097852,          0.16346000,       3030.30303030,          0.05248148,    838,Assets<10     _Age_61._66._Mar_1._1._Fem_-999._999._Kid_-999._999._Edu_-999._999._XP_-999._999._FXP_-999._999._Coh_-999._999._LFP_-999._999._FLFP_-999._999._Ass_-999._999._Year_-999._999.             
  22,          0.11912226,          0.15924000,       1176.47058824,          0.04011774,    319,Assets<10     _Age_51._55._Mar_0._0._Fem_1._1._Kid_-999._999._Edu_-999._999._XP_-999._999._FXP_-999._999._Coh_-999._999._LFP_-999._999._FLFP_-999._999._Ass_-999._999._Year_-999._999.                  
  23,          0.08794788,          0.14650000,       1250.00000000,          0.05855212,    307,Assets<10     _Age_56._61._Mar_0._0._Fem_1._1._Kid_-999._999._Edu_-999._999._XP_-999._999._FXP_-999._999._Coh_-999._999._LFP_-999._999._FLFP_-999._999._Ass_-999._999._Year_-999._999.                  
  24,          0.11589404,          0.14465000,       1282.05128205,          0.02875596,    302,Assets<10     _Age_61._66._Mar_0._0._Fem_1._1._Kid_-999._999._Edu_-999._999._XP_-999._999._FXP_-999._999._Coh_-999._999._LFP_-999._999._FLFP_-999._999._Ass_-999._999._Year_-999._999.                  
  25,          0.18779343,          0.16092000,        645.16129032,         -0.02687343,    213,Assets<10     _Age_51._55._Mar_0._0._Fem_0._0._Kid_-999._999._Edu_-999._999._XP_-999._999._FXP_-999._999._Coh_-999._999._LFP_-999._999._FLFP_-999._999._Ass_-999._999._Year_-999._999.                  
  26,          0.14285714,          0.18571000,        462.96296296,          0.04285286,    161,Assets<10     _Age_56._61._Mar_0._0._Fem_0._0._Kid_-999._999._Edu_-999._999._XP_-999._999._FXP_-999._999._Coh_-999._999._LFP_-999._999._FLFP_-999._999._Ass_-999._999._Year_-999._999.                  
  27,          0.08396947,          0.12500000,        512.82051282,          0.04103053,    131,Assets<10     _Age_61._66._Mar_0._0._Fem_0._0._Kid_-999._999._Edu_-999._999._XP_-999._999._FXP_-999._999._Coh_-999._999._LFP_-999._999._FLFP_-999._999._Ass_-999._999._Year_-999._999.                  
  28,          0.45941423,          0.33556000,       2702.70270270,         -0.12385423,   1195,Assets>10     _Age_51._55._Mar_1._1._Fem_-999._999._Kid_-999._999._Edu_-999._999._XP_-999._999._FXP_-999._999._Coh_-999._999._LFP_-999._999._FLFP_-999._999._Ass_-999._999._Year_-999._999.             
  29,          0.48055556,          0.37477000,       2325.58139535,         -0.10578556,   1080,Assets>10     _Age_56._61._Mar_1._1._Fem_-999._999._Kid_-999._999._Edu_-999._999._XP_-999._999._FXP_-999._999._Coh_-999._999._LFP_-999._999._FLFP_-999._999._Ass_-999._999._Year_-999._999.             
  30,          0.50119332,          0.38702000,       1754.38596491,         -0.11417332,    838,Assets>10     _Age_61._66._Mar_1._1._Fem_-999._999._Kid_-999._999._Edu_-999._999._XP_-999._999._FXP_-999._999._Coh_-999._999._LFP_-999._999._FLFP_-999._999._Ass_-999._999._Year_-999._999.             
  31,          0.23197492,          0.29299000,        757.57575758,          0.06101508,    319,Assets>10     _Age_51._55._Mar_0._0._Fem_1._1._Kid_-999._999._Edu_-999._999._XP_-999._999._FXP_-999._999._Coh_-999._999._LFP_-999._999._FLFP_-999._999._Ass_-999._999._Year_-999._999.                  
  32,          0.31596091,          0.33121000,        709.21985816,          0.01524909,    307,Assets>10     _Age_56._61._Mar_0._0._Fem_1._1._Kid_-999._999._Edu_-999._999._XP_-999._999._FXP_-999._999._Coh_-999._999._LFP_-999._999._FLFP_-999._999._Ass_-999._999._Year_-999._999.                  
  33,          0.27152318,          0.28931000,        775.19379845,          0.01778682,    302,Assets>10     _Age_61._66._Mar_0._0._Fem_1._1._Kid_-999._999._Edu_-999._999._XP_-999._999._FXP_-999._999._Coh_-999._999._LFP_-999._999._FLFP_-999._999._Ass_-999._999._Year_-999._999.                  
  34,          0.24882629,          0.25287000,        460.82949309,          0.00404371,    213,Assets>10     _Age_51._55._Mar_0._0._Fem_0._0._Kid_-999._999._Edu_-999._999._XP_-999._999._FXP_-999._999._Coh_-999._999._LFP_-999._999._FLFP_-999._999._Ass_-999._999._Year_-999._999.                  
  35,          0.34161491,          0.24286000,        380.22813688,         -0.09875491,    161,Assets>10     _Age_56._61._Mar_0._0._Fem_0._0._Kid_-999._999._Edu_-999._999._XP_-999._999._FXP_-999._999._Coh_-999._999._LFP_-999._999._FLFP_-999._999._Ass_-999._999._Year_-999._999.                  
  36,          0.23664122,          0.17857000,        381.67938931,         -0.05807122,    131,Assets>10     _Age_61._66._Mar_0._0._Fem_0._0._Kid_-999._999._Edu_-999._999._XP_-999._999._FXP_-999._999._Coh_-999._999._LFP_-999._999._FLFP_-999._999._Ass_-999._999._Year_-999._999.                  
  37,          0.86288979,          0.79890000,      12500.00000000,         -0.06398979,   4201,LFP     _Age_51._55._Mar_-999._999._Fem_0._0._Kid_-999._999._Edu_-999._999._XP_-999._999._FXP_-999._999._Coh_-999._999._LFP_-999._999._FLFP_-999._999._Ass_-999._999._Year_-999._999.                   
  38,          0.84165126,          0.71456000,       7692.30769231,         -0.12709126,   3246,LFP     _Age_56._60._Mar_-999._999._Fem_0._0._Kid_-999._999._Edu_-999._999._XP_-999._999._FXP_-999._999._Coh_-999._999._LFP_-999._999._FLFP_-999._999._Ass_-999._999._Year_-999._999.                   
  39,          0.72057164,          0.56573000,       5263.15789474,         -0.15484164,   2659,LFP     _Age_61._65._Mar_-999._999._Fem_0._0._Kid_-999._999._Edu_-999._999._XP_-999._999._FXP_-999._999._Coh_-999._999._LFP_-999._999._FLFP_-999._999._Ass_-999._999._Year_-999._999.                   
  40,          0.36689510,          0.29718000,       4347.82608696,         -0.06971510,   1897,LFP     _Age_66._70._Mar_-999._999._Fem_0._0._Kid_-999._999._Edu_-999._999._XP_-999._999._FXP_-999._999._Coh_-999._999._LFP_-999._999._FLFP_-999._999._Ass_-999._999._Year_-999._999.                   
  41,          0.20316206,          0.17230000,       4347.82608696,         -0.03086206,   1265,LFP     _Age_71._75._Mar_-999._999._Fem_0._0._Kid_-999._999._Edu_-999._999._XP_-999._999._FXP_-999._999._Coh_-999._999._LFP_-999._999._FLFP_-999._999._Ass_-999._999._Year_-999._999.                   
  42,          0.55943109,          0.38593000,       2439.02439024,         -0.17350109,   2953,LFP     _Age_51._55._Mar_1._1._Fem_1._1._Kid_-999._999._Edu_-999._999._XP_-999._999._FXP_-999._999._Coh_-999._999._LFP_-999._999._FLFP_-999._999._Ass_-999._999._Year_-999._999.                        
  43,          0.34012316,          0.35236000,       1754.38596491,          0.01223684,   2111,LFP     _Age_56._60._Mar_1._1._Fem_1._1._Kid_-999._999._Edu_-999._999._XP_-999._999._FXP_-999._999._Coh_-999._999._LFP_-999._999._FLFP_-999._999._Ass_-999._999._Year_-999._999.                        
  44,          0.21668910,          0.11498000,       2857.14285714,         -0.10170910,   1486,LFP     _Age_61._65._Mar_1._1._Fem_1._1._Kid_-999._999._Edu_-999._999._XP_-999._999._FXP_-999._999._Coh_-999._999._LFP_-999._999._FLFP_-999._999._Ass_-999._999._Year_-999._999.                        
  45,          0.12098501,          0.04520000,       4166.66666667,         -0.07578501,    934,LFP     _Age_66._70._Mar_1._1._Fem_1._1._Kid_-999._999._Edu_-999._999._XP_-999._999._FXP_-999._999._Coh_-999._999._LFP_-999._999._FLFP_-999._999._Ass_-999._999._Year_-999._999.                        
  46,          0.05602241,          0.03623000,       4000.00000000,         -0.01979241,    714,LFP     _Age_71._75._Mar_1._1._Fem_1._1._Kid_-999._999._Edu_-999._999._XP_-999._999._FXP_-999._999._Coh_-999._999._LFP_-999._999._FLFP_-999._999._Ass_-999._999._Year_-999._999.                        
  47,          0.75822168,          0.61279000,       1250.00000000,         -0.14543168,   1642,LFP     _Age_51._55._Mar_0._0._Fem_1._1._Kid_-999._999._Edu_-999._999._XP_-999._999._FXP_-999._999._Coh_-999._999._LFP_-999._999._FLFP_-999._999._Ass_-999._999._Year_-999._999.                        
  48,          0.63060897,          0.41079000,       1000.00000000,         -0.21981897,   1248,LFP     _Age_56._60._Mar_0._0._Fem_1._1._Kid_-999._999._Edu_-999._999._XP_-999._999._FXP_-999._999._Coh_-999._999._LFP_-999._999._FLFP_-999._999._Ass_-999._999._Year_-999._999.                        
  49,          0.29370079,          0.26848000,       1315.78947368,         -0.02522079,   1270,LFP     _Age_61._65._Mar_0._0._Fem_1._1._Kid_-999._999._Edu_-999._999._XP_-999._999._FXP_-999._999._Coh_-999._999._LFP_-999._999._FLFP_-999._999._Ass_-999._999._Year_-999._999.                        
  50,          0.00573066,          0.13810000,       1754.38596491,          0.13236934,   1047,LFP     _Age_66._70._Mar_0._0._Fem_1._1._Kid_-999._999._Edu_-999._999._XP_-999._999._FXP_-999._999._Coh_-999._999._LFP_-999._999._FLFP_-999._999._Ass_-999._999._Year_-999._999.                        
  51,          0.00868486,          0.05556000,       3125.00000000,          0.04687514,    806,LFP     _Age_71._75._Mar_0._0._Fem_1._1._Kid_-999._999._Edu_-999._999._XP_-999._999._FXP_-999._999._Coh_-999._999._LFP_-999._999._FLFP_-999._999._Ass_-999._999._Year_-999._999.                        
  52,          0.00000000,          0.04929000,      33333.33333333,          0.04929000,   3690,LFP     _Age_51._75._Mar_-999._999._Fem_1._1._Kid_-999._999._Edu_-999._999._XP_0._0._FXP_-999._999._Coh_-999._999._LFP_-999._999._FLFP_-999._999._Ass_-999._999._Year_-999._999.                        
  53,          0.41631420,          0.16242000,       7142.85714286,         -0.25389420,   1655,LFP     _Age_51._75._Mar_-999._999._Fem_1._1._Kid_-999._999._Edu_-999._999._XP_0._5._FXP_-999._999._Coh_-999._999._LFP_-999._999._FLFP_-999._999._Ass_-999._999._Year_-999._999.                        
  54,          0.48062542,          0.27842000,       7142.85714286,         -0.20220542,   2942,LFP     _Age_51._75._Mar_-999._999._Fem_1._1._Kid_-999._999._Edu_-999._999._XP_6._15._FXP_-999._999._Coh_-999._999._LFP_-999._999._FLFP_-999._999._Ass_-999._999._Year_-999._999.                       
  55,          0.53228533,          0.48748000,      12500.00000000,         -0.04480533,   5916,LFP     _Age_51._75._Mar_-999._999._Fem_1._1._Kid_-999._999._Edu_-999._999._XP_16._999._FXP_-999._999._Coh_-999._999._LFP_-999._999._FLFP_-999._999._Ass_-999._999._Year_-999._999.                     
  56,          0.31871259,          0.19920000,      25000.00000000,         -0.11951259,  10191,LFP     _Age_51._75._Mar_-999._999._Fem_1._1._Kid_-999._999._Edu_0._7._XP_-999._999._FXP_-999._999._Coh_-999._999._LFP_-999._999._FLFP_-999._999._Ass_-999._999._Year_-999._999.                        
  57,          0.41457753,          0.34527000,       7692.30769231,         -0.06930753,   2154,LFP     _Age_51._75._Mar_-999._999._Fem_1._1._Kid_-999._999._Edu_8._11._XP_-999._999._FXP_-999._999._Coh_-999._999._LFP_-999._999._FLFP_-999._999._Ass_-999._999._Year_-999._999.                       
  58,          0.56679637,          0.42706000,       5000.00000000,         -0.13973637,   1542,LFP     _Age_51._75._Mar_-999._999._Fem_1._1._Kid_-999._999._Edu_12._15._XP_-999._999._FXP_-999._999._Coh_-999._999._LFP_-999._999._FLFP_-999._999._Ass_-999._999._Year_-999._999.                      
  59,          0.75609756,          0.67752000,       1408.45070423,         -0.07857756,    328,LFP     _Age_51._75._Mar_-999._999._Fem_1._1._Kid_-999._999._Edu_16._999._XP_-999._999._FXP_-999._999._Coh_-999._999._LFP_-999._999._FLFP_-999._999._Ass_-999._999._Year_-999._999.                     
  60,          0.44375000,          0.39923000,       2173.91304348,         -0.04452000,   1120,LFP     _Age_51._75._Mar_-999._999._Fem_1._1._Kid_0._0._Edu_-999._999._XP_-999._999._FXP_-999._999._Coh_-999._999._LFP_-999._999._FLFP_-999._999._Ass_-999._999._Year_-999._999.                        
  61,          0.47105393,          0.38581000,       8333.33333333,         -0.08524393,   4042,LFP     _Age_51._75._Mar_-999._999._Fem_1._1._Kid_1._2._Edu_-999._999._XP_-999._999._FXP_-999._999._Coh_-999._999._LFP_-999._999._FLFP_-999._999._Ass_-999._999._Year_-999._999.                        
  62,          0.31613830,          0.25810000,      25000.00000000,         -0.05803830,   9053,LFP     _Age_51._75._Mar_-999._999._Fem_1._1._Kid_3._999._Edu_-999._999._XP_-999._999._FXP_-999._999._Coh_-999._999._LFP_-999._999._FLFP_-999._999._Ass_-999._999._Year_-999._999.                      
  63,          0.09039548,          0.34906000,       1408.45070423,          0.25866452,   1239,LFP     _Age_51._75._Mar_-999._999._Fem_1._1._Kid_-999._999._Edu_-999._999._XP_-999._999._FXP_-999._999._Coh_-999._999._LFP_-999._999._FLFP_-999._999._Ass_-999._999._Year_-999._999.                   
  64,          0.34437086,          0.28019000,       1030.92783505,         -0.06418086,   4228,LFP     _Age_51._75._Mar_-999._999._Fem_1._1._Kid_-999._999._Edu_-999._999._XP_-999._999._FXP_-999._999._Coh_-999._999._LFP_-999._999._FLFP_-999._999._Ass_-999._999._Year_-999._999.                   
  65,          0.31800159,          0.28791000,       2222.22222222,         -0.03009159,   1261,LFP     _Age_51._75._Mar_-999._999._Fem_1._1._Kid_-999._999._Edu_-999._999._XP_-999._999._FXP_-999._999._Coh_-999._999._LFP_-999._999._FLFP_-999._999._Ass_-999._999._Year_-999._999.                   
  66,          0.44545590,          0.28398000,       7142.85714286,         -0.16147590,   6701,LFP     _Age_51._75._Mar_-999._999._Fem_1._1._Kid_-999._999._Edu_-999._999._XP_-999._999._FXP_-999._999._Coh_-999._999._LFP_-999._999._FLFP_-999._999._Ass_-999._999._Year_-999._999.                   
  67,          0.04110759,          0.05668000,      33333.33333333,          0.01557241,   8198,Part-Time     _Age_51._75._Mar_1._1._Fem_1._1._Kid_-999._999._Edu_-999._999._XP_-999._999._FXP_-999._999._Coh_-999._999._LFP_-999._999._FLFP_-999._999._Ass_-999._999._Year_-999._999.                  
  68,          0.03442541,          0.07712000,      16666.66666667,          0.04269459,   6013,Part-Time     _Age_51._75._Mar_0._0._Fem_1._1._Kid_-999._999._Edu_-999._999._XP_-999._999._FXP_-999._999._Coh_-999._999._LFP_-999._999._FLFP_-999._999._Ass_-999._999._Year_-999._999.                  
  69,          0.64717241,          0.57358000,       6666.66666667,         -0.07359241,   3625,FLFP     _Age_51._55._Mar_-999._999._Fem_0._0._Kid_-999._999._Edu_-999._999._XP_-999._999._FXP_-999._999._Coh_-999._999._LFP_1._999._FLFP_-999._999._Ass_-999._999._Year_-999._999.                     
  70,          0.62591508,          0.57042000,       4545.45454545,         -0.05549508,   2732,FLFP     _Age_56._60._Mar_-999._999._Fem_0._0._Kid_-999._999._Edu_-999._999._XP_-999._999._FXP_-999._999._Coh_-999._999._LFP_1._999._FLFP_-999._999._Ass_-999._999._Year_-999._999.                     
  71,          0.52922756,          0.46888000,       2941.17647059,         -0.06034756,   1916,FLFP     _Age_61._65._Mar_-999._999._Fem_0._0._Kid_-999._999._Edu_-999._999._XP_-999._999._FXP_-999._999._Coh_-999._999._LFP_1._999._FLFP_-999._999._Ass_-999._999._Year_-999._999.                     
  72,          0.47270115,          0.38686000,       1149.42528736,         -0.08584115,    696,FLFP     _Age_66._70._Mar_-999._999._Fem_0._0._Kid_-999._999._Edu_-999._999._XP_-999._999._FXP_-999._999._Coh_-999._999._LFP_1._999._FLFP_-999._999._Ass_-999._999._Year_-999._999.                     
  73,          0.52675181,          0.59773000,       4347.82608696,          0.07097819,   2897,FLFP     _Age_51._55._Mar_-999._999._Fem_1._1._Kid_-999._999._Edu_-999._999._XP_-999._999._FXP_-999._999._Coh_-999._999._LFP_1._999._FLFP_-999._999._Ass_-999._999._Year_-999._999.                     
  74,          0.50498339,          0.52769000,       2631.57894737,          0.02270661,   1505,FLFP     _Age_56._60._Mar_-999._999._Fem_1._1._Kid_-999._999._Edu_-999._999._XP_-999._999._FXP_-999._999._Coh_-999._999._LFP_1._999._FLFP_-999._999._Ass_-999._999._Year_-999._999.                     
  75,          0.43597122,          0.41606000,       1123.59550562,         -0.01991122,    695,FLFP     _Age_61._65._Mar_-999._999._Fem_1._1._Kid_-999._999._Edu_-999._999._XP_-999._999._FXP_-999._999._Coh_-999._999._LFP_1._999._FLFP_-999._999._Ass_-999._999._Year_-999._999.                     
  76,          0.36974790,          0.31683000,        467.28971963,         -0.05291790,    119,FLFP     _Age_66._70._Mar_-999._999._Fem_1._1._Kid_-999._999._Edu_-999._999._XP_-999._999._FXP_-999._999._Coh_-999._999._LFP_1._999._FLFP_-999._999._Ass_-999._999._Year_-999._999.                     
  77,          0.46808511,          0.30556000,        169.77928693,         -0.16252511,     47,FLFP     _Age_71._75._Mar_-999._999._Fem_1._1._Kid_-999._999._Edu_-999._999._XP_-999._999._FXP_-999._999._Coh_-999._999._LFP_1._999._FLFP_-999._999._Ass_-999._999._Year_-999._999.                     
  78,          0.51241200,          0.50074000,       8333.33333333,         -0.01167200,   5398,FLFP     _Age_51._75._Mar_-999._999._Fem_0._0._Kid_-999._999._Edu_0._7._XP_-999._999._FXP_-999._999._Coh_-999._999._LFP_1._999._FLFP_-999._999._Ass_-999._999._Year_-999._999.                          
  79,          0.69849691,          0.47842000,       3333.33333333,         -0.22007691,   2262,FLFP     _Age_51._75._Mar_-999._999._Fem_0._0._Kid_-999._999._Edu_8._11._XP_-999._999._FXP_-999._999._Coh_-999._999._LFP_1._999._FLFP_-999._999._Ass_-999._999._Year_-999._999.                         
  80,          0.70075758,          0.62549000,       3333.33333333,         -0.07526758,   1320,FLFP     _Age_51._75._Mar_-999._999._Fem_0._0._Kid_-999._999._Edu_12._15._XP_-999._999._FXP_-999._999._Coh_-999._999._LFP_1._999._FLFP_-999._999._Ass_-999._999._Year_-999._999.                        
  81,          0.80487805,          0.67925000,        970.87378641,         -0.12562805,    246,FLFP     _Age_51._75._Mar_-999._999._Fem_0._0._Kid_-999._999._Edu_16._999._XP_-999._999._FXP_-999._999._Coh_-999._999._LFP_1._999._FLFP_-999._999._Ass_-999._999._Year_-999._999.                       
  82,          0.41841133,          0.37750000,       3448.27586207,         -0.04091133,   3248,FLFP     _Age_51._75._Mar_-999._999._Fem_1._1._Kid_-999._999._Edu_0._7._XP_-999._999._FXP_-999._999._Coh_-999._999._LFP_1._999._FLFP_-999._999._Ass_-999._999._Year_-999._999.                          
  83,          0.47928331,          0.53741000,       2380.95238095,          0.05812669,    893,FLFP     _Age_51._75._Mar_-999._999._Fem_1._1._Kid_-999._999._Edu_8._11._XP_-999._999._FXP_-999._999._Coh_-999._999._LFP_1._999._FLFP_-999._999._Ass_-999._999._Year_-999._999.                         
  84,          0.74828375,          0.63550000,       2272.72727273,         -0.11278375,    874,FLFP     _Age_51._75._Mar_-999._999._Fem_1._1._Kid_-999._999._Edu_12._15._XP_-999._999._FXP_-999._999._Coh_-999._999._LFP_1._999._FLFP_-999._999._Ass_-999._999._Year_-999._999.                        
  85,          0.86290323,          0.87500000,       1886.79245283,          0.01209677,    248,FLFP     _Age_51._75._Mar_-999._999._Fem_1._1._Kid_-999._999._Edu_16._999._XP_-999._999._FXP_-999._999._Coh_-999._999._LFP_1._999._FLFP_-999._999._Ass_-999._999._Year_-999._999.                       
  86,          0.00000000,          0.07853000,       8333.33333333,          0.07853000,   1306,FLFP     _Age_51._75._Mar_-999._999._Fem_0._0._Kid_-999._999._Edu_-999._999._XP_-999._999._FXP_0._0._Coh_-999._999._LFP_1._999._FLFP_-999._999._Ass_-999._999._Year_-999._999.                          
  87,          0.65952381,          0.27684000,       2631.57894737,         -0.38268381,   1680,FLFP     _Age_51._75._Mar_-999._999._Fem_0._0._Kid_-999._999._Edu_-999._999._XP_-999._999._FXP_1._10._Coh_-999._999._LFP_1._999._FLFP_-999._999._Ass_-999._999._Year_-999._999.                         
  88,          0.69858839,          0.68673000,      12500.00000000,         -0.01185839,   6234,FLFP     _Age_51._75._Mar_-999._999._Fem_0._0._Kid_-999._999._Edu_-999._999._XP_-999._999._FXP_11._999._Coh_-999._999._LFP_1._999._FLFP_-999._999._Ass_-999._999._Year_-999._999.                       
  89,          0.00000000,          0.06623000,       7142.85714286,          0.06623000,   1210,FLFP     _Age_51._75._Mar_-999._999._Fem_1._1._Kid_-999._999._Edu_-999._999._XP_-999._999._FXP_0._0._Coh_-999._999._LFP_1._999._FLFP_-999._999._Ass_-999._999._Year_-999._999.                          
  90,          0.56270737,          0.46320000,       1851.85185185,         -0.09950737,   1507,FLFP     _Age_51._75._Mar_-999._999._Fem_1._1._Kid_-999._999._Edu_-999._999._XP_-999._999._FXP_1._10._Coh_-999._999._LFP_1._999._FLFP_-999._999._Ass_-999._999._Year_-999._999.                         
  91,          0.71196513,          0.73768000,       6250.00000000,          0.02571487,   2524,FLFP     _Age_51._75._Mar_-999._999._Fem_1._1._Kid_-999._999._Edu_-999._999._XP_-999._999._FXP_11._999._Coh_-999._999._LFP_1._999._FLFP_-999._999._Ass_-999._999._Year_-999._999.                       
  92,          0.22950370,          0.14200000,      14285.71428571,         -0.08750370,   3647,HHLFP     _Age_51._75._Mar_1._1._Fem_-999._999._Kid_-999._999._Edu_-999._999._XP_-999._999._FXP_-999._999._Coh_-999._999._LFP_-999._999._FLFP_-999._999._Ass_-999._999._Year_-999._999.                 
  93,          0.28516589,          0.34298000,       8333.33333333,          0.05781411,   3647,HHLFP     _Age_51._75._Mar_1._1._Fem_-999._999._Kid_-999._999._Edu_-999._999._XP_-999._999._FXP_-999._999._Coh_-999._999._LFP_-999._999._FLFP_-999._999._Ass_-999._999._Year_-999._999.                 
  94,          0.09377571,          0.06608000,      33333.33333333,         -0.02769571,   3647,HHLFP     _Age_51._75._Mar_1._1._Fem_-999._999._Kid_-999._999._Edu_-999._999._XP_-999._999._FXP_-999._999._Coh_-999._999._LFP_-999._999._FLFP_-999._999._Ass_-999._999._Year_-999._999.                 
  95,          0.51768577,          0.56526000,       7692.30769231,          0.04757423,   3647,HHLFP     _Age_51._75._Mar_1._1._Fem_-999._999._Kid_-999._999._Edu_-999._999._XP_-999._999._FXP_-999._999._Coh_-999._999._LFP_-999._999._FLFP_-999._999._Ass_-999._999._Year_-999._999.                 
  96,          0.78906250,          0.78440000,       1282.05128205,         -0.00466250,    512,FtoF     _Age_51._75._Mar_-999._999._Fem_1._1._Kid_-999._999._Edu_-999._999._XP_-999._999._FXP_-999._999._Coh_-999._999._LFP_-999._999._FLFP_-999._999._Ass_1._1._Year_1._1.                            
  97,          0.07421875,          0.08716000,       2777.77777778,          0.01294125,    512,FtoI     _Age_51._75._Mar_-999._999._Fem_1._1._Kid_-999._999._Edu_-999._999._XP_-999._999._FXP_-999._999._Coh_-999._999._LFP_-999._999._FLFP_-999._999._Ass_1._1._Year_1._1.                            
  98,          0.13671875,          0.12844000,       1960.78431373,         -0.00827875,    512,FtoH     _Age_51._75._Mar_-999._999._Fem_1._1._Kid_-999._999._Edu_-999._999._XP_-999._999._FXP_-999._999._Coh_-999._999._LFP_-999._999._FLFP_-999._999._Ass_1._1._Year_1._1.                            
  99,          0.05400697,          0.13072000,       1351.35135135,          0.07671303,    574,ItoF     _Age_51._75._Mar_-999._999._Fem_1._1._Kid_-999._999._Edu_-999._999._XP_-999._999._FXP_-999._999._Coh_-999._999._LFP_-999._999._FLFP_-999._999._Ass_1._1._Year_0._0.                            
 100,          0.67421603,          0.57516000,        625.00000000,         -0.09905603,    574,ItoI     _Age_51._75._Mar_-999._999._Fem_1._1._Kid_-999._999._Edu_-999._999._XP_-999._999._FXP_-999._999._Coh_-999._999._LFP_-999._999._FLFP_-999._999._Ass_1._1._Year_0._0.                            
 101,          0.27177700,          0.29412000,        735.29411765,          0.02234300,    574,ItoH     _Age_51._75._Mar_-999._999._Fem_1._1._Kid_-999._999._Edu_-999._999._XP_-999._999._FXP_-999._999._Coh_-999._999._LFP_-999._999._FLFP_-999._999._Ass_1._1._Year_0._0.                            
 102,          0.00623053,          0.01331000,     100000.00000000,          0.00707947,   1605,HtoF     _Age_51._75._Mar_-999._999._Fem_1._1._Kid_-999._999._Edu_-999._999._XP_-999._999._FXP_-999._999._Coh_-999._999._LFP_-999._999._FLFP_-999._999._Ass_0._0._Year_-999._999.                       
 103,          0.03302181,          0.05527000,      20000.00000000,          0.02224819,   1605,HtoI     _Age_51._75._Mar_-999._999._Fem_1._1._Kid_-999._999._Edu_-999._999._XP_-999._999._FXP_-999._999._Coh_-999._999._LFP_-999._999._FLFP_-999._999._Ass_0._0._Year_-999._999.                       
 104,          0.96074766,          0.93142000,      14285.71428571,         -0.02932766,   1605,HtoH     _Age_51._75._Mar_-999._999._Fem_1._1._Kid_-999._999._Edu_-999._999._XP_-999._999._FXP_-999._999._Coh_-999._999._LFP_-999._999._FLFP_-999._999._Ass_0._0._Year_-999._999.                       
 105,          0.75930144,          0.78984000,       2631.57894737,          0.03053856,   1317,FtoF     _Age_51._75._Mar_-999._999._Fem_0._0._Kid_-999._999._Edu_-999._999._XP_-999._999._FXP_-999._999._Coh_-999._999._LFP_-999._999._FLFP_-999._999._Ass_1._1._Year_1._1.                            
 106,          0.11465452,          0.11085000,       4347.82608696,         -0.00380452,   1317,FtoI     _Age_51._75._Mar_-999._999._Fem_0._0._Kid_-999._999._Edu_-999._999._XP_-999._999._FXP_-999._999._Coh_-999._999._LFP_-999._999._FLFP_-999._999._Ass_1._1._Year_1._1.                            
 107,          0.12604404,          0.09931000,       4761.90476190,         -0.02673404,   1317,FtoH     _Age_51._75._Mar_-999._999._Fem_0._0._Kid_-999._999._Edu_-999._999._XP_-999._999._FXP_-999._999._Coh_-999._999._LFP_-999._999._FLFP_-999._999._Ass_1._1._Year_1._1.                            
 108,          0.09986320,          0.13366000,       3448.27586207,          0.03379680,    731,ItoF     _Age_51._75._Mar_-999._999._Fem_0._0._Kid_-999._999._Edu_-999._999._XP_-999._999._FXP_-999._999._Coh_-999._999._LFP_-999._999._FLFP_-999._999._Ass_1._1._Year_0._0.                            
 109,          0.59917921,          0.64356000,       1754.38596491,          0.04438079,    731,ItoI     _Age_51._75._Mar_-999._999._Fem_0._0._Kid_-999._999._Edu_-999._999._XP_-999._999._FXP_-999._999._Coh_-999._999._LFP_-999._999._FLFP_-999._999._Ass_1._1._Year_0._0.                            
 110,          0.30095759,          0.22277000,       2325.58139535,         -0.07818759,    731,ItoH     _Age_51._75._Mar_-999._999._Fem_0._0._Kid_-999._999._Edu_-999._999._XP_-999._999._FXP_-999._999._Coh_-999._999._LFP_-999._999._FLFP_-999._999._Ass_1._1._Year_0._0.                            
 111,          0.05490849,          0.06335000,       7692.30769231,          0.00844151,    601,HtoF     _Age_51._75._Mar_-999._999._Fem_0._0._Kid_-999._999._Edu_-999._999._XP_-999._999._FXP_-999._999._Coh_-999._999._LFP_-999._999._FLFP_-999._999._Ass_0._0._Year_-999._999.                       
 112,          0.25291181,          0.15158000,       3448.27586207,         -0.10133181,    601,HtoI     _Age_51._75._Mar_-999._999._Fem_0._0._Kid_-999._999._Edu_-999._999._XP_-999._999._FXP_-999._999._Coh_-999._999._LFP_-999._999._FLFP_-999._999._Ass_0._0._Year_-999._999.                       
 113,          0.69217970,          0.78507000,       2631.57894737,          0.09289030,    601,HtoH     _Age_51._75._Mar_-999._999._Fem_0._0._Kid_-999._999._Edu_-999._999._XP_-999._999._FXP_-999._999._Coh_-999._999._LFP_-999._999._FLFP_-999._999._Ass_0._0._Year_-999._999.                       
 114,          0.08977875,          0.08952000,      25000.00000000,         -0.00025875,   5469,Earning_Bins     _Age_51._75._Mar_-999._999._Fem_0._0._Kid_-999._999._Edu_-999._999._XP_-999._999._FXP_-999._999._Coh_-999._999._LFP_1._999._FLFP_1._1._Ass_-999._999._Year_-999._999.                  
 115,          0.28634120,          0.29415000,      10000.00000000,          0.00780880,   5469,Earning_Bins     _Age_51._75._Mar_-999._999._Fem_0._0._Kid_-999._999._Edu_-999._999._XP_-999._999._FXP_-999._999._Coh_-999._999._LFP_1._999._FLFP_1._1._Ass_-999._999._Year_-999._999.                  
 116,          0.25031999,          0.26709000,      10000.00000000,          0.01677001,   5469,Earning_Bins     _Age_51._75._Mar_-999._999._Fem_0._0._Kid_-999._999._Edu_-999._999._XP_-999._999._FXP_-999._999._Coh_-999._999._LFP_1._999._FLFP_1._1._Ass_-999._999._Year_-999._999.                  
 117,          0.12707990,          0.12346000,      20000.00000000,         -0.00361990,   5469,Earning_Bins     _Age_51._75._Mar_-999._999._Fem_0._0._Kid_-999._999._Edu_-999._999._XP_-999._999._FXP_-999._999._Coh_-999._999._LFP_1._999._FLFP_1._1._Ass_-999._999._Year_-999._999.                  
 118,          0.08209910,          0.06296000,      33333.33333333,         -0.01913910,   5469,Earning_Bins     _Age_51._75._Mar_-999._999._Fem_0._0._Kid_-999._999._Edu_-999._999._XP_-999._999._FXP_-999._999._Coh_-999._999._LFP_1._999._FLFP_1._1._Ass_-999._999._Year_-999._999.                  
 119,          0.16438106,          0.16281000,      14285.71428571,         -0.00157106,   5469,Earning_Bins     _Age_51._75._Mar_-999._999._Fem_0._0._Kid_-999._999._Edu_-999._999._XP_-999._999._FXP_-999._999._Coh_-999._999._LFP_1._999._FLFP_1._1._Ass_-999._999._Year_-999._999.                  
 120,          0.30875699,          0.32387000,       8333.33333333,          0.01511301,   3757,Earning_Bins     _Age_51._75._Mar_-999._999._Fem_0._0._Kid_-999._999._Edu_-999._999._XP_-999._999._FXP_-999._999._Coh_-999._999._LFP_1._999._FLFP_0._0._Ass_-999._999._Year_-999._999.                  
 121,          0.29438382,          0.28659000,       9090.90909091,         -0.00779382,   3757,Earning_Bins     _Age_51._75._Mar_-999._999._Fem_0._0._Kid_-999._999._Edu_-999._999._XP_-999._999._FXP_-999._999._Coh_-999._999._LFP_1._999._FLFP_0._0._Ass_-999._999._Year_-999._999.                  
 122,          0.16529146,          0.18308000,      12500.00000000,          0.01778854,   3757,Earning_Bins     _Age_51._75._Mar_-999._999._Fem_0._0._Kid_-999._999._Edu_-999._999._XP_-999._999._FXP_-999._999._Coh_-999._999._LFP_1._999._FLFP_0._0._Ass_-999._999._Year_-999._999.                  
 123,          0.08277881,          0.09794000,      20000.00000000,          0.01516119,   3757,Earning_Bins     _Age_51._75._Mar_-999._999._Fem_0._0._Kid_-999._999._Edu_-999._999._XP_-999._999._FXP_-999._999._Coh_-999._999._LFP_1._999._FLFP_0._0._Ass_-999._999._Year_-999._999.                  
 124,          0.04977376,          0.03673000,      50000.00000000,         -0.01304376,   3757,Earning_Bins     _Age_51._75._Mar_-999._999._Fem_0._0._Kid_-999._999._Edu_-999._999._XP_-999._999._FXP_-999._999._Coh_-999._999._LFP_1._999._FLFP_0._0._Ass_-999._999._Year_-999._999.                  
 125,          0.09901517,          0.07179000,      25000.00000000,         -0.02722517,   3757,Earning_Bins     _Age_51._75._Mar_-999._999._Fem_0._0._Kid_-999._999._Edu_-999._999._XP_-999._999._FXP_-999._999._Coh_-999._999._LFP_1._999._FLFP_0._0._Ass_-999._999._Year_-999._999.                  
 126,          0.14350282,          0.14210000,       9090.90909091,         -0.00140282,   2655,Earning_Bins     _Age_51._75._Mar_-999._999._Fem_1._1._Kid_-999._999._Edu_-999._999._XP_-999._999._FXP_-999._999._Coh_-999._999._LFP_1._999._FLFP_1._1._Ass_-999._999._Year_-999._999.                  
 127,          0.24180791,          0.34245000,       5000.00000000,          0.10064209,   2655,Earning_Bins     _Age_51._75._Mar_-999._999._Fem_1._1._Kid_-999._999._Edu_-999._999._XP_-999._999._FXP_-999._999._Coh_-999._999._LFP_1._999._FLFP_1._1._Ass_-999._999._Year_-999._999.                  
 128,          0.17062147,          0.18094000,       7692.30769231,          0.01031853,   2655,Earning_Bins     _Age_51._75._Mar_-999._999._Fem_1._1._Kid_-999._999._Edu_-999._999._XP_-999._999._FXP_-999._999._Coh_-999._999._LFP_1._999._FLFP_1._1._Ass_-999._999._Year_-999._999.                  
 129,          0.11073446,          0.08208000,      14285.71428571,         -0.02865446,   2655,Earning_Bins     _Age_51._75._Mar_-999._999._Fem_1._1._Kid_-999._999._Edu_-999._999._XP_-999._999._FXP_-999._999._Coh_-999._999._LFP_1._999._FLFP_1._1._Ass_-999._999._Year_-999._999.                  
 130,          0.07495292,          0.04413000,      25000.00000000,         -0.03082292,   2655,Earning_Bins     _Age_51._75._Mar_-999._999._Fem_1._1._Kid_-999._999._Edu_-999._999._XP_-999._999._FXP_-999._999._Coh_-999._999._LFP_1._999._FLFP_1._1._Ass_-999._999._Year_-999._999.                  
 131,          0.25838041,          0.20830000,       6666.66666667,         -0.05008041,   2655,Earning_Bins     _Age_51._75._Mar_-999._999._Fem_1._1._Kid_-999._999._Edu_-999._999._XP_-999._999._FXP_-999._999._Coh_-999._999._LFP_1._999._FLFP_1._1._Ass_-999._999._Year_-999._999.                  
 132,          0.65759202,          0.56940000,       4000.00000000,         -0.08819202,   2608,Earning_Bins     _Age_51._75._Mar_-999._999._Fem_1._1._Kid_-999._999._Edu_-999._999._XP_-999._999._FXP_-999._999._Coh_-999._999._LFP_1._999._FLFP_0._0._Ass_-999._999._Year_-999._999.                  
 133,          0.17753067,          0.24215000,       5263.15789474,          0.06461933,   2608,Earning_Bins     _Age_51._75._Mar_-999._999._Fem_1._1._Kid_-999._999._Edu_-999._999._XP_-999._999._FXP_-999._999._Coh_-999._999._LFP_1._999._FLFP_0._0._Ass_-999._999._Year_-999._999.                  
 134,          0.07131902,          0.08308000,      12500.00000000,          0.01176098,   2608,Earning_Bins     _Age_51._75._Mar_-999._999._Fem_1._1._Kid_-999._999._Edu_-999._999._XP_-999._999._FXP_-999._999._Coh_-999._999._LFP_1._999._FLFP_0._0._Ass_-999._999._Year_-999._999.                  
 135,          0.03872699,          0.04863000,      20000.00000000,          0.00990301,   2608,Earning_Bins     _Age_51._75._Mar_-999._999._Fem_1._1._Kid_-999._999._Edu_-999._999._XP_-999._999._FXP_-999._999._Coh_-999._999._LFP_1._999._FLFP_0._0._Ass_-999._999._Year_-999._999.                  
 136,          0.01533742,          0.01114000,     100000.00000000,         -0.00419742,   2608,Earning_Bins     _Age_51._75._Mar_-999._999._Fem_1._1._Kid_-999._999._Edu_-999._999._XP_-999._999._FXP_-999._999._Coh_-999._999._LFP_1._999._FLFP_0._0._Ass_-999._999._Year_-999._999.                  
 137,          0.03949387,          0.04559000,      25000.00000000,          0.00609613,   2608,Earning_Bins     _Age_51._75._Mar_-999._999._Fem_1._1._Kid_-999._999._Edu_-999._999._XP_-999._999._FXP_-999._999._Coh_-999._999._LFP_1._999._FLFP_0._0._Ass_-999._999._Year_-999._999.                  
 138,          0.06898734,          0.07268000,       5882.35294118,          0.00369266,   1580,Earning_Bins     _Age_51._75._Mar_-999._999._Fem_0._0._Kid_-999._999._Edu_8._11._XP_-999._999._FXP_-999._999._Coh_-999._999._LFP_1._999._FLFP_1._1._Ass_-999._999._Year_-999._999.                      
 139,          0.26075949,          0.26566000,       2040.81632653,          0.00490051,   1580,Earning_Bins     _Age_51._75._Mar_-999._999._Fem_0._0._Kid_-999._999._Edu_8._11._XP_-999._999._FXP_-999._999._Coh_-999._999._LFP_1._999._FLFP_1._1._Ass_-999._999._Year_-999._999.                      
 140,          0.23987342,          0.30827000,       1886.79245283,          0.06839658,   1580,Earning_Bins     _Age_51._75._Mar_-999._999._Fem_0._0._Kid_-999._999._Edu_8._11._XP_-999._999._FXP_-999._999._Coh_-999._999._LFP_1._999._FLFP_1._1._Ass_-999._999._Year_-999._999.                      
 141,          0.14683544,          0.16291000,       2941.17647059,          0.01607456,   1580,Earning_Bins     _Age_51._75._Mar_-999._999._Fem_0._0._Kid_-999._999._Edu_8._11._XP_-999._999._FXP_-999._999._Coh_-999._999._LFP_1._999._FLFP_1._1._Ass_-999._999._Year_-999._999.                      
 142,          0.11012658,          0.06015000,       7142.85714286,         -0.04997658,   1580,Earning_Bins     _Age_51._75._Mar_-999._999._Fem_0._0._Kid_-999._999._Edu_8._11._XP_-999._999._FXP_-999._999._Coh_-999._999._LFP_1._999._FLFP_1._1._Ass_-999._999._Year_-999._999.                      
 143,          0.17341772,          0.13033000,       3571.42857143,         -0.04308772,   1580,Earning_Bins     _Age_51._75._Mar_-999._999._Fem_0._0._Kid_-999._999._Edu_8._11._XP_-999._999._FXP_-999._999._Coh_-999._999._LFP_1._999._FLFP_1._1._Ass_-999._999._Year_-999._999.                      
 144,          0.15395894,          0.24598000,       2325.58139535,          0.09202106,    682,Earning_Bins     _Age_51._75._Mar_-999._999._Fem_0._0._Kid_-999._999._Edu_8._11._XP_-999._999._FXP_-999._999._Coh_-999._999._LFP_1._999._FLFP_0._0._Ass_-999._999._Year_-999._999.                      
 145,          0.30645161,          0.25057000,       2325.58139535,         -0.05588161,    682,Earning_Bins     _Age_51._75._Mar_-999._999._Fem_0._0._Kid_-999._999._Edu_8._11._XP_-999._999._FXP_-999._999._Coh_-999._999._LFP_1._999._FLFP_0._0._Ass_-999._999._Year_-999._999.                      
 146,          0.20234604,          0.25747000,       2272.72727273,          0.05512396,    682,Earning_Bins     _Age_51._75._Mar_-999._999._Fem_0._0._Kid_-999._999._Edu_8._11._XP_-999._999._FXP_-999._999._Coh_-999._999._LFP_1._999._FLFP_0._0._Ass_-999._999._Year_-999._999.                      
 147,          0.11290323,          0.14483000,       3571.42857143,          0.03192677,    682,Earning_Bins     _Age_51._75._Mar_-999._999._Fem_0._0._Kid_-999._999._Edu_8._11._XP_-999._999._FXP_-999._999._Coh_-999._999._LFP_1._999._FLFP_0._0._Ass_-999._999._Year_-999._999.                      
 148,          0.08797654,          0.03448000,      12500.00000000,         -0.05349654,    682,Earning_Bins     _Age_51._75._Mar_-999._999._Fem_0._0._Kid_-999._999._Edu_8._11._XP_-999._999._FXP_-999._999._Coh_-999._999._LFP_1._999._FLFP_0._0._Ass_-999._999._Year_-999._999.                      
 149,          0.13636364,          0.06667000,       7142.85714286,         -0.06969364,    682,Earning_Bins     _Age_51._75._Mar_-999._999._Fem_0._0._Kid_-999._999._Edu_8._11._XP_-999._999._FXP_-999._999._Coh_-999._999._LFP_1._999._FLFP_0._0._Ass_-999._999._Year_-999._999.                      
 150,          0.09633028,          0.09910000,       3703.70370370,          0.00276972,    654,Earning_Bins     _Age_51._75._Mar_-999._999._Fem_1._1._Kid_-999._999._Edu_12._15._XP_-999._999._FXP_-999._999._Coh_-999._999._LFP_1._999._FLFP_1._1._Ass_-999._999._Year_-999._999.                     
 151,          0.18195719,          0.17117000,       2325.58139535,         -0.01078719,    654,Earning_Bins     _Age_51._75._Mar_-999._999._Fem_1._1._Kid_-999._999._Edu_12._15._XP_-999._999._FXP_-999._999._Coh_-999._999._LFP_1._999._FLFP_1._1._Ass_-999._999._Year_-999._999.                     
 152,          0.14678899,          0.22222000,       1923.07692308,          0.07543101,    654,Earning_Bins     _Age_51._75._Mar_-999._999._Fem_1._1._Kid_-999._999._Edu_12._15._XP_-999._999._FXP_-999._999._Coh_-999._999._LFP_1._999._FLFP_1._1._Ass_-999._999._Year_-999._999.                     
 153,          0.10244648,          0.14114000,       2777.77777778,          0.03869352,    654,Earning_Bins     _Age_51._75._Mar_-999._999._Fem_1._1._Kid_-999._999._Edu_12._15._XP_-999._999._FXP_-999._999._Coh_-999._999._LFP_1._999._FLFP_1._1._Ass_-999._999._Year_-999._999.                     
 154,          0.06880734,          0.07808000,       4545.45454545,          0.00927266,    654,Earning_Bins     _Age_51._75._Mar_-999._999._Fem_1._1._Kid_-999._999._Edu_12._15._XP_-999._999._FXP_-999._999._Coh_-999._999._LFP_1._999._FLFP_1._1._Ass_-999._999._Year_-999._999.                     
 155,          0.40366972,          0.28829000,       1612.90322581,         -0.11537972,    654,Earning_Bins     _Age_51._75._Mar_-999._999._Fem_1._1._Kid_-999._999._Edu_12._15._XP_-999._999._FXP_-999._999._Coh_-999._999._LFP_1._999._FLFP_1._1._Ass_-999._999._Year_-999._999.                     
 156,          0.35909091,          0.39267000,        800.00000000,          0.03357909,    220,Earning_Bins     _Age_51._75._Mar_-999._999._Fem_1._1._Kid_-999._999._Edu_12._15._XP_-999._999._FXP_-999._999._Coh_-999._999._LFP_1._999._FLFP_0._0._Ass_-999._999._Year_-999._999.                     
 157,          0.27727273,          0.21990000,       1111.11111111,         -0.05737273,    220,Earning_Bins     _Age_51._75._Mar_-999._999._Fem_1._1._Kid_-999._999._Edu_12._15._XP_-999._999._FXP_-999._999._Coh_-999._999._LFP_1._999._FLFP_0._0._Ass_-999._999._Year_-999._999.                     
 158,          0.13181818,          0.16230000,       1408.45070423,          0.03048182,    220,Earning_Bins     _Age_51._75._Mar_-999._999._Fem_1._1._Kid_-999._999._Edu_12._15._XP_-999._999._FXP_-999._999._Coh_-999._999._LFP_1._999._FLFP_0._0._Ass_-999._999._Year_-999._999.                     
 159,          0.10454545,          0.09424000,       2222.22222222,         -0.01030545,    220,Earning_Bins     _Age_51._75._Mar_-999._999._Fem_1._1._Kid_-999._999._Edu_12._15._XP_-999._999._FXP_-999._999._Coh_-999._999._LFP_1._999._FLFP_0._0._Ass_-999._999._Year_-999._999.                     
 160,          0.03181818,          0.02094000,       9090.90909091,         -0.01087818,    220,Earning_Bins     _Age_51._75._Mar_-999._999._Fem_1._1._Kid_-999._999._Edu_12._15._XP_-999._999._FXP_-999._999._Coh_-999._999._LFP_1._999._FLFP_0._0._Ass_-999._999._Year_-999._999.                     
 161,          0.09545455,          0.10995000,       1960.78431373,          0.01449545,    220,Earning_Bins     _Age_51._75._Mar_-999._999._Fem_1._1._Kid_-999._999._Edu_12._15._XP_-999._999._FXP_-999._999._Coh_-999._999._LFP_1._999._FLFP_0._0._Ass_-999._999._Year_-999._999.                     
 162,          0.33653846,          0.24324000,        401.60642570,         -0.09329846,    104,ItoF<-0.5     _Age_51._75._Mar_-999._999._Fem_-999._999._Kid_-999._999._Edu_-999._999._XP_-999._999._FXP_-999._999._Coh_-999._999._LFP_1._999._FLFP_1._1._Ass_1._1._Year_0._0.                          
 163,          0.12500000,          0.16216000,        543.47826087,          0.03716000,    104,ItoF<0     _Age_51._75._Mar_-999._999._Fem_-999._999._Kid_-999._999._Edu_-999._999._XP_-999._999._FXP_-999._999._Coh_-999._999._LFP_1._999._FLFP_1._1._Ass_1._1._Year_0._0.                             
 164,          0.06730769,          0.13514000,        632.91139241,          0.06783231,    104,ItoF<0.25     _Age_51._75._Mar_-999._999._Fem_-999._999._Kid_-999._999._Edu_-999._999._XP_-999._999._FXP_-999._999._Coh_-999._999._LFP_1._999._FLFP_1._1._Ass_1._1._Year_0._0.                          
 165,          0.01923077,          0.08108000,        990.09900990,          0.06184923,    104,ItoF<0.5     _Age_51._75._Mar_-999._999._Fem_-999._999._Kid_-999._999._Edu_-999._999._XP_-999._999._FXP_-999._999._Coh_-999._999._LFP_1._999._FLFP_1._1._Ass_1._1._Year_0._0.                           
 166,          0.07692308,          0.10811000,        769.23076923,          0.03118692,    104,ItoF<0.75     _Age_51._75._Mar_-999._999._Fem_-999._999._Kid_-999._999._Edu_-999._999._XP_-999._999._FXP_-999._999._Coh_-999._999._LFP_1._999._FLFP_1._1._Ass_1._1._Year_0._0.                          
 167,          0.07692308,          0.05405000,       1449.27536232,         -0.02287308,    104,ItoF<1     _Age_51._75._Mar_-999._999._Fem_-999._999._Kid_-999._999._Edu_-999._999._XP_-999._999._FXP_-999._999._Coh_-999._999._LFP_1._999._FLFP_1._1._Ass_1._1._Year_0._0.                             
 168,          0.29807692,          0.21622000,        436.68122271,         -0.08185692,    104,ItoF>1     _Age_51._75._Mar_-999._999._Fem_-999._999._Kid_-999._999._Edu_-999._999._XP_-999._999._FXP_-999._999._Coh_-999._999._LFP_1._999._FLFP_1._1._Ass_1._1._Year_0._0.                             
 169,          0.46560847,          0.32836000,        303.95136778,         -0.13724847,    189,FtoI<-0.5     _Age_51._75._Mar_-999._999._Fem_-999._999._Kid_-999._999._Edu_-999._999._XP_-999._999._FXP_-999._999._Coh_-999._999._LFP_1._999._FLFP_0._0._Ass_1._1._Year_1._1.                          
 170,          0.10052910,          0.29851000,        319.48881789,          0.19798090,    189,FtoI<0     _Age_51._75._Mar_-999._999._Fem_-999._999._Kid_-999._999._Edu_-999._999._XP_-999._999._FXP_-999._999._Coh_-999._999._LFP_1._999._FLFP_0._0._Ass_1._1._Year_1._1.                             
 171,          0.06878307,          0.14925000,        526.31578947,          0.08046693,    189,FtoI<0.25     _Age_51._75._Mar_-999._999._Fem_-999._999._Kid_-999._999._Edu_-999._999._XP_-999._999._FXP_-999._999._Coh_-999._999._LFP_1._999._FLFP_0._0._Ass_1._1._Year_1._1.                          
 172,          0.05820106,          0.02985000,       2325.58139535,         -0.02835106,    189,FtoI<0.5     _Age_51._75._Mar_-999._999._Fem_-999._999._Kid_-999._999._Edu_-999._999._XP_-999._999._FXP_-999._999._Coh_-999._999._LFP_1._999._FLFP_0._0._Ass_1._1._Year_1._1.                           
 173,          0.06349206,          0.08955000,        819.67213115,          0.02605794,    189,FtoI<0.75     _Age_51._75._Mar_-999._999._Fem_-999._999._Kid_-999._999._Edu_-999._999._XP_-999._999._FXP_-999._999._Coh_-999._999._LFP_1._999._FLFP_0._0._Ass_1._1._Year_1._1.                          
 174,          0.02116402,          0.02985000,       2325.58139535,          0.00868598,    189,FtoI<1     _Age_51._75._Mar_-999._999._Fem_-999._999._Kid_-999._999._Edu_-999._999._XP_-999._999._FXP_-999._999._Coh_-999._999._LFP_1._999._FLFP_0._0._Ass_1._1._Year_1._1.                             
 175,          0.22222222,          0.07463000,        970.87378641,         -0.14759222,    189,FtoI>1     _Age_51._75._Mar_-999._999._Fem_-999._999._Kid_-999._999._Edu_-999._999._XP_-999._999._FXP_-999._999._Coh_-999._999._LFP_1._999._FLFP_0._0._Ass_1._1._Year_1._1.                             
 176,          0.28632479,          0.15400000,       4000.00000000,         -0.13232479,   1404,FtoF<-0.5     _Age_51._75._Mar_-999._999._Fem_-999._999._Kid_-999._999._Edu_-999._999._XP_-999._999._FXP_-999._999._Coh_-999._999._LFP_1._999._FLFP_1._1._Ass_1._1._Year_1._1.                          
 177,          0.34829060,          0.28460000,       2500.00000000,         -0.06369060,   1404,FtoF<0     _Age_51._75._Mar_-999._999._Fem_-999._999._Kid_-999._999._Edu_-999._999._XP_-999._999._FXP_-999._999._Coh_-999._999._LFP_1._999._FLFP_1._1._Ass_1._1._Year_1._1.                             
 178,          0.13105413,          0.14815000,       4000.00000000,          0.01709587,   1404,FtoF<0.25     _Age_51._75._Mar_-999._999._Fem_-999._999._Kid_-999._999._Edu_-999._999._XP_-999._999._FXP_-999._999._Coh_-999._999._LFP_1._999._FLFP_1._1._Ass_1._1._Year_1._1.                          
 179,          0.06552707,          0.11111000,       5263.15789474,          0.04558293,   1404,FtoF<0.5     _Age_51._75._Mar_-999._999._Fem_-999._999._Kid_-999._999._Edu_-999._999._XP_-999._999._FXP_-999._999._Coh_-999._999._LFP_1._999._FLFP_1._1._Ass_1._1._Year_1._1.                           
 180,          0.03490028,          0.07212000,       7692.30769231,          0.03721972,   1404,FtoF<0.75     _Age_51._75._Mar_-999._999._Fem_-999._999._Kid_-999._999._Edu_-999._999._XP_-999._999._FXP_-999._999._Coh_-999._999._LFP_1._999._FLFP_1._1._Ass_1._1._Year_1._1.                          
 181,          0.01495726,          0.03314000,      16666.66666667,          0.01818274,   1404,FtoF<1     _Age_51._75._Mar_-999._999._Fem_-999._999._Kid_-999._999._Edu_-999._999._XP_-999._999._FXP_-999._999._Coh_-999._999._LFP_1._999._FLFP_1._1._Ass_1._1._Year_1._1.                             
 182,          0.11894587,          0.19688000,       3225.80645161,          0.07793413,   1404,FtoF>1     _Age_51._75._Mar_-999._999._Fem_-999._999._Kid_-999._999._Edu_-999._999._XP_-999._999._FXP_-999._999._Coh_-999._999._LFP_1._999._FLFP_1._1._Ass_1._1._Year_1._1.                             
 183,          0.29212121,          0.22126000,       2000.00000000,         -0.07086121,    825,ItoI<-0.5     _Age_51._75._Mar_-999._999._Fem_-999._999._Kid_-999._999._Edu_-999._999._XP_-999._999._FXP_-999._999._Coh_-999._999._LFP_1._999._FLFP_0._0._Ass_1._1._Year_0._0.                          
 184,          0.21696970,          0.34483000,       1538.46153846,          0.12786030,    825,ItoI<0     _Age_51._75._Mar_-999._999._Fem_-999._999._Kid_-999._999._Edu_-999._999._XP_-999._999._FXP_-999._999._Coh_-999._999._LFP_1._999._FLFP_0._0._Ass_1._1._Year_0._0.                             
 185,          0.13575758,          0.11494000,       3448.27586207,         -0.02081758,    825,ItoI<0.25     _Age_51._75._Mar_-999._999._Fem_-999._999._Kid_-999._999._Edu_-999._999._XP_-999._999._FXP_-999._999._Coh_-999._999._LFP_1._999._FLFP_0._0._Ass_1._1._Year_0._0.                          
 186,          0.09090909,          0.10345000,       3703.70370370,          0.01254091,    825,ItoI<0.5     _Age_51._75._Mar_-999._999._Fem_-999._999._Kid_-999._999._Edu_-999._999._XP_-999._999._FXP_-999._999._Coh_-999._999._LFP_1._999._FLFP_0._0._Ass_1._1._Year_0._0.                           
 187,          0.05212121,          0.02874000,      12500.00000000,         -0.02338121,    825,ItoI<0.75     _Age_51._75._Mar_-999._999._Fem_-999._999._Kid_-999._999._Edu_-999._999._XP_-999._999._FXP_-999._999._Coh_-999._999._LFP_1._999._FLFP_0._0._Ass_1._1._Year_0._0.                          
 188,          0.04484848,          0.01724000,      20000.00000000,         -0.02760848,    825,ItoI<1     _Age_51._75._Mar_-999._999._Fem_-999._999._Kid_-999._999._Edu_-999._999._XP_-999._999._FXP_-999._999._Coh_-999._999._LFP_1._999._FLFP_0._0._Ass_1._1._Year_0._0.                             
 189,          0.16727273,          0.16954000,       2500.00000000,          0.00226727,    825,ItoI>1     _Age_51._75._Mar_-999._999._Fem_-999._999._Kid_-999._999._Edu_-999._999._XP_-999._999._FXP_-999._999._Coh_-999._999._LFP_1._999._FLFP_0._0._Ass_1._1._Year_0._0.                             
 190,          2.96133234,          1.91091000,          1.69213327,         -1.05042234,    471,Earnings     _Age_51._75._Mar_-999._999._Fem_0._0._Kid_-999._999._Edu_0._7._XP_0._25._FXP_-999._999._Coh_-999._999._LFP_1._999._FLFP_1._1._Ass_-999._999._Year_-999._999.                               
 191,          2.31969847,          2.34990000,          0.43026853,          0.03020153,   2289,Earnings     _Age_51._75._Mar_-999._999._Fem_0._0._Kid_-999._999._Edu_0._7._XP_26._999._FXP_-999._999._Coh_-999._999._LFP_1._999._FLFP_1._1._Ass_-999._999._Year_-999._999.                             
 192,          3.63215822,          2.52892000,          0.51629158,         -1.10323822,    200,Earnings     _Age_51._75._Mar_-999._999._Fem_0._0._Kid_-999._999._Edu_8._11._XP_0._25._FXP_-999._999._Coh_-999._999._LFP_1._999._FLFP_1._1._Ass_-999._999._Year_-999._999.                              
 193,          3.17531662,          3.18314000,          0.25472969,          0.00782338,   1380,Earnings     _Age_51._75._Mar_-999._999._Fem_0._0._Kid_-999._999._Edu_8._11._XP_26._999._FXP_-999._999._Coh_-999._999._LFP_1._999._FLFP_1._1._Ass_-999._999._Year_-999._999.                            
 194,          7.92582757,          4.10937000,          0.07478117,         -3.81645757,     51,Earnings     _Age_51._75._Mar_-999._999._Fem_0._0._Kid_-999._999._Edu_12._15._XP_0._25._FXP_-999._999._Coh_-999._999._LFP_1._999._FLFP_1._1._Ass_-999._999._Year_-999._999.                             
 195,          4.40381789,          4.95831000,          0.08342447,          0.55449211,    874,Earnings     _Age_51._75._Mar_-999._999._Fem_0._0._Kid_-999._999._Edu_12._15._XP_26._999._FXP_-999._999._Coh_-999._999._LFP_1._999._FLFP_1._1._Ass_-999._999._Year_-999._999.                           
 196,          5.99434376,         10.83854000,          0.03550487,          4.84419624,    198,Earnings     _Age_51._75._Mar_-999._999._Fem_0._0._Kid_-999._999._Edu_16._999._XP_0._999._FXP_-999._999._Coh_-999._999._LFP_1._999._FLFP_1._1._Ass_-999._999._Year_-999._999.                           
 197,          5.99434376,         10.83854000,          0.03550487,          4.84419624,    198,Earnings     _Age_51._75._Mar_-999._999._Fem_0._0._Kid_-999._999._Edu_16._999._XP_0._999._FXP_-999._999._Coh_-999._999._LFP_1._999._FLFP_1._1._Ass_-999._999._Year_-999._999.                           
 198,          1.54722371,          1.01517000,          1.71553070,         -0.53205371,    603,Earnings     _Age_51._75._Mar_-999._999._Fem_0._0._Kid_-999._999._Edu_0._7._XP_0._25._FXP_-999._999._Coh_-999._999._LFP_1._999._FLFP_0._0._Ass_-999._999._Year_-999._999.                               
 199,          1.83888168,          1.66314000,          0.62379919,         -0.17574168,   2029,Earnings     _Age_51._75._Mar_-999._999._Fem_0._0._Kid_-999._999._Edu_0._7._XP_26._999._FXP_-999._999._Coh_-999._999._LFP_1._999._FLFP_0._0._Ass_-999._999._Year_-999._999.                             
 200,          2.46577091,          1.84762000,          0.67941706,         -0.61815091,     98,Earnings     _Age_51._75._Mar_-999._999._Fem_0._0._Kid_-999._999._Edu_8._11._XP_0._25._FXP_-999._999._Coh_-999._999._LFP_1._999._FLFP_0._0._Ass_-999._999._Year_-999._999.                              
 201,          3.06530444,          2.45455000,          0.37588474,         -0.61075444,    584,Earnings     _Age_51._75._Mar_-999._999._Fem_0._0._Kid_-999._999._Edu_8._11._XP_26._999._FXP_-999._999._Coh_-999._999._LFP_1._999._FLFP_0._0._Ass_-999._999._Year_-999._999.                            
 202,          4.97642329,          5.84465000,          0.01746463,          0.86822671,     39,Earnings     _Age_51._75._Mar_-999._999._Fem_0._0._Kid_-999._999._Edu_12._15._XP_0._25._FXP_-999._999._Coh_-999._999._LFP_1._999._FLFP_0._0._Ass_-999._999._Year_-999._999.                             
 203,          4.57379253,          3.83429000,          0.09104466,         -0.73950253,    356,Earnings     _Age_51._75._Mar_-999._999._Fem_0._0._Kid_-999._999._Edu_12._15._XP_26._999._FXP_-999._999._Coh_-999._999._LFP_1._999._FLFP_0._0._Ass_-999._999._Year_-999._999.                           
 204,          5.84339011,          8.37335000,          0.02329453,          2.52995989,     48,Earnings     _Age_51._75._Mar_-999._999._Fem_0._0._Kid_-999._999._Edu_16._999._XP_0._999._FXP_-999._999._Coh_-999._999._LFP_1._999._FLFP_0._0._Ass_-999._999._Year_-999._999.                           
 205,          5.84339011,          8.37335000,          0.02329453,          2.52995989,     48,Earnings     _Age_51._75._Mar_-999._999._Fem_0._0._Kid_-999._999._Edu_16._999._XP_0._999._FXP_-999._999._Coh_-999._999._LFP_1._999._FLFP_0._0._Ass_-999._999._Year_-999._999.                           
 206,          2.80293373,          1.48687000,          3.46632466,         -1.31606373,    352,Earnings     _Age_51._75._Mar_-999._999._Fem_1._1._Kid_-999._999._Edu_0._7._XP_0._15._FXP_-999._999._Coh_-999._999._LFP_1._999._FLFP_1._1._Ass_-999._999._Year_-999._999.                               
 207,          3.33592312,          1.41922000,          2.50331689,         -1.91670312,   1007,Earnings     _Age_51._75._Mar_-999._999._Fem_1._1._Kid_-999._999._Edu_0._7._XP_16._999._FXP_-999._999._Coh_-999._999._LFP_1._999._FLFP_1._1._Ass_-999._999._Year_-999._999.                             
 208,          4.31532320,          1.54893000,          1.93057647,         -2.76639320,    165,Earnings     _Age_51._75._Mar_-999._999._Fem_1._1._Kid_-999._999._Edu_8._11._XP_0._15._FXP_-999._999._Coh_-999._999._LFP_1._999._FLFP_1._1._Ass_-999._999._Year_-999._999.                              
 209,          4.57580322,          2.15619000,          0.91697691,         -2.41961322,    263,Earnings     _Age_51._75._Mar_-999._999._Fem_1._1._Kid_-999._999._Edu_8._11._XP_16._999._FXP_-999._999._Coh_-999._999._LFP_1._999._FLFP_1._1._Ass_-999._999._Year_-999._999.                            
 210,          4.04287236,          2.95263000,          0.31032867,         -1.09024236,    220,Earnings     _Age_51._75._Mar_-999._999._Fem_1._1._Kid_-999._999._Edu_12._15._XP_0._15._FXP_-999._999._Coh_-999._999._LFP_1._999._FLFP_1._1._Ass_-999._999._Year_-999._999.                             
 211,          7.00012588,          4.12996000,          0.18202370,         -2.87016588,    434,Earnings     _Age_51._75._Mar_-999._999._Fem_1._1._Kid_-999._999._Edu_12._15._XP_16._999._FXP_-999._999._Coh_-999._999._LFP_1._999._FLFP_1._1._Ass_-999._999._Year_-999._999.                           
 212,          5.47348776,          7.36207000,          0.11009118,          1.88858224,    214,Earnings     _Age_51._75._Mar_-999._999._Fem_1._1._Kid_-999._999._Edu_16._999._XP_0._999._FXP_-999._999._Coh_-999._999._LFP_1._999._FLFP_1._1._Ass_-999._999._Year_-999._999.                           
 213,          5.47348776,          7.36207000,          0.11009118,          1.88858224,    214,Earnings     _Age_51._75._Mar_-999._999._Fem_1._1._Kid_-999._999._Edu_16._999._XP_0._999._FXP_-999._999._Coh_-999._999._LFP_1._999._FLFP_1._1._Ass_-999._999._Year_-999._999.                           
 214,          0.74626410,          0.85067000,          1.76345072,          0.10440590,    965,Earnings     _Age_51._75._Mar_-999._999._Fem_1._1._Kid_-999._999._Edu_0._7._XP_0._15._FXP_-999._999._Coh_-999._999._LFP_1._999._FLFP_0._0._Ass_-999._999._Year_-999._999.                               
 215,          0.99092347,          1.14562000,          1.07551167,          0.15469653,    924,Earnings     _Age_51._75._Mar_-999._999._Fem_1._1._Kid_-999._999._Edu_0._7._XP_16._999._FXP_-999._999._Coh_-999._999._LFP_1._999._FLFP_0._0._Ass_-999._999._Year_-999._999.                             
 216,          1.43796712,          1.55668000,          0.50618303,          0.11871288,    239,Earnings     _Age_51._75._Mar_-999._999._Fem_1._1._Kid_-999._999._Edu_8._11._XP_0._15._FXP_-999._999._Coh_-999._999._LFP_1._999._FLFP_0._0._Ass_-999._999._Year_-999._999.                              
 217,          2.55049925,          1.38894000,          0.78654072,         -1.16155925,    226,Earnings     _Age_51._75._Mar_-999._999._Fem_1._1._Kid_-999._999._Edu_8._11._XP_16._999._FXP_-999._999._Coh_-999._999._LFP_1._999._FLFP_0._0._Ass_-999._999._Year_-999._999.                            
 218,          1.77828720,          1.18539000,          1.10492354,         -0.59289720,     89,Earnings     _Age_51._75._Mar_-999._999._Fem_1._1._Kid_-999._999._Edu_12._15._XP_0._15._FXP_-999._999._Coh_-999._999._LFP_1._999._FLFP_0._0._Ass_-999._999._Year_-999._999.                             
 219,          2.44663118,          3.20852000,          0.10193472,          0.76188882,    131,Earnings     _Age_51._75._Mar_-999._999._Fem_1._1._Kid_-999._999._Edu_12._15._XP_16._999._FXP_-999._999._Coh_-999._999._LFP_1._999._FLFP_0._0._Ass_-999._999._Year_-999._999.                           
 220,          2.72868756,          4.94657000,          0.06370551,          2.21788244,     34,Earnings     _Age_51._75._Mar_-999._999._Fem_1._1._Kid_-999._999._Edu_16._999._XP_0._999._FXP_-999._999._Coh_-999._999._LFP_1._999._FLFP_0._0._Ass_-999._999._Year_-999._999.                           
 221,          2.72868756,          4.94657000,          0.06370551,          2.21788244,     34,Earnings     _Age_51._75._Mar_-999._999._Fem_1._1._Kid_-999._999._Edu_16._999._XP_0._999._FXP_-999._999._Coh_-999._999._LFP_1._999._FLFP_0._0._Ass_-999._999._Year_-999._999.                           
 222,          3.20734761,          1.84851000,          2.76655785,         -1.35883761,    254,Earnings     _Age_51._75._Mar_-999._999._Fem_0._0._Kid_-999._999._Edu_0._11._XP_0._20._FXP_-999._999._Coh_-999._999._LFP_1._999._FLFP_1._1._Ass_-999._999._Year_-999._999.                              
 223,          3.22936479,          2.65400000,          0.22662427,         -0.57536479,   1528,Earnings     _Age_51._75._Mar_-999._999._Fem_0._0._Kid_-999._999._Edu_0._11._XP_20._30._FXP_-999._999._Coh_-999._999._LFP_1._999._FLFP_1._1._Ass_-999._999._Year_-999._999.                             
 224,          2.48887617,          2.56366000,          0.39258486,          0.07478383,   2099,Earnings     _Age_51._75._Mar_-999._999._Fem_0._0._Kid_-999._999._Edu_0._11._XP_30._40._FXP_-999._999._Coh_-999._999._LFP_1._999._FLFP_1._1._Ass_-999._999._Year_-999._999.                             
 225,          1.82932273,          2.46957000,          0.54593795,          0.64024727,    459,Earnings     _Age_51._75._Mar_-999._999._Fem_0._0._Kid_-999._999._Edu_0._11._XP_40._999._FXP_-999._999._Coh_-999._999._LFP_1._999._FLFP_1._1._Ass_-999._999._Year_-999._999.                            
 226,          3.87715800,          3.30621000,          0.13162606,         -0.57094800,     16,Earnings     _Age_51._75._Mar_-999._999._Fem_0._0._Kid_-999._999._Edu_12._999._XP_0._20._FXP_-999._999._Coh_-999._999._LFP_1._999._FLFP_1._1._Ass_-999._999._Year_-999._999.                            
 227,          6.52702089,          6.73929000,          0.03896331,          0.21226911,    377,Earnings     _Age_51._75._Mar_-999._999._Fem_0._0._Kid_-999._999._Edu_12._999._XP_20._30._FXP_-999._999._Coh_-999._999._LFP_1._999._FLFP_1._1._Ass_-999._999._Year_-999._999.                           
 228,          4.04442327,          6.02739000,          0.05006581,          1.98296673,    610,Earnings     _Age_51._75._Mar_-999._999._Fem_0._0._Kid_-999._999._Edu_12._999._XP_30._40._FXP_-999._999._Coh_-999._999._LFP_1._999._FLFP_1._1._Ass_-999._999._Year_-999._999.                           
 229,          3.75178757,          5.78533000,          0.05616315,          2.03354243,    120,Earnings     _Age_51._75._Mar_-999._999._Fem_0._0._Kid_-999._999._Edu_12._999._XP_40._999._FXP_-999._999._Coh_-999._999._LFP_1._999._FLFP_1._1._Ass_-999._999._Year_-999._999.                          
 230,          1.60714832,          1.24762000,          1.14855397,         -0.35952832,    398,Earnings     _Age_51._75._Mar_-999._999._Fem_0._0._Kid_-999._999._Edu_0._11._XP_0._20._FXP_-999._999._Coh_-999._999._LFP_1._999._FLFP_0._0._Ass_-999._999._Year_-999._999.                              
 231,          2.13936289,          1.52547000,          0.49686725,         -0.61389289,   1077,Earnings     _Age_51._75._Mar_-999._999._Fem_0._0._Kid_-999._999._Edu_0._11._XP_20._30._FXP_-999._999._Coh_-999._999._LFP_1._999._FLFP_0._0._Ass_-999._999._Year_-999._999.                             
 232,          2.22229239,          2.06332000,          0.45074282,         -0.15897239,   1261,Earnings     _Age_51._75._Mar_-999._999._Fem_0._0._Kid_-999._999._Edu_0._11._XP_30._40._FXP_-999._999._Coh_-999._999._LFP_1._999._FLFP_0._0._Ass_-999._999._Year_-999._999.                             
 233,          1.64325364,          1.80270000,          0.69570057,          0.15944636,    578,Earnings     _Age_51._75._Mar_-999._999._Fem_0._0._Kid_-999._999._Edu_0._11._XP_40._999._FXP_-999._999._Coh_-999._999._LFP_1._999._FLFP_0._0._Ass_-999._999._Year_-999._999.                            
 234,          4.85594476,          7.77903000,          0.01386180,          2.92308524,     17,Earnings     _Age_51._75._Mar_-999._999._Fem_0._0._Kid_-999._999._Edu_12._999._XP_0._20._FXP_-999._999._Coh_-999._999._LFP_1._999._FLFP_0._0._Ass_-999._999._Year_-999._999.                            
 235,          5.16075683,          4.36427000,          0.04558500,         -0.79648683,    163,Earnings     _Age_51._75._Mar_-999._999._Fem_0._0._Kid_-999._999._Edu_12._999._XP_20._30._FXP_-999._999._Coh_-999._999._LFP_1._999._FLFP_0._0._Ass_-999._999._Year_-999._999.                           
 236,          4.51054416,          4.55951000,          0.06044374,          0.04896584,    198,Earnings     _Age_51._75._Mar_-999._999._Fem_0._0._Kid_-999._999._Edu_12._999._XP_30._40._FXP_-999._999._Coh_-999._999._LFP_1._999._FLFP_0._0._Ass_-999._999._Year_-999._999.                           
 237,          4.39986471,          4.91081000,          0.04208797,          0.51094529,     65,Earnings     _Age_51._75._Mar_-999._999._Fem_0._0._Kid_-999._999._Edu_12._999._XP_40._999._FXP_-999._999._Coh_-999._999._LFP_1._999._FLFP_0._0._Ass_-999._999._Year_-999._999.                          
 238,          3.08859396,          1.58515000,          2.83631619,         -1.50344396,    324,Earnings     _Age_51._75._Mar_-999._999._Fem_1._1._Kid_-999._999._Edu_0._11._XP_0._10._FXP_-999._999._Coh_-999._999._LFP_1._999._FLFP_1._1._Ass_-999._999._Year_-999._999.                              
 239,          3.53702449,          1.43121000,          2.21808180,         -2.10581449,    389,Earnings     _Age_51._75._Mar_-999._999._Fem_1._1._Kid_-999._999._Edu_0._11._XP_10._20._FXP_-999._999._Coh_-999._999._LFP_1._999._FLFP_1._1._Ass_-999._999._Year_-999._999.                             
 240,          3.33788385,          1.70114000,          1.41924496,         -1.63674385,    603,Earnings     _Age_51._75._Mar_-999._999._Fem_1._1._Kid_-999._999._Edu_0._11._XP_20._30._FXP_-999._999._Coh_-999._999._LFP_1._999._FLFP_1._1._Ass_-999._999._Year_-999._999.                             
 241,          3.97456666,          2.05578000,          0.90150190,         -1.91878666,    471,Earnings     _Age_51._75._Mar_-999._999._Fem_1._1._Kid_-999._999._Edu_0._11._XP_30._999._FXP_-999._999._Coh_-999._999._LFP_1._999._FLFP_1._1._Ass_-999._999._Year_-999._999.                            
 242,          4.65506298,          3.42448000,          0.25013945,         -1.23058298,    171,Earnings     _Age_51._75._Mar_-999._999._Fem_1._1._Kid_-999._999._Edu_12._999._XP_0._10._FXP_-999._999._Coh_-999._999._LFP_1._999._FLFP_1._1._Ass_-999._999._Year_-999._999.                            
 243,          4.74777877,          3.81722000,          0.14782010,         -0.93055877,    193,Earnings     _Age_51._75._Mar_-999._999._Fem_1._1._Kid_-999._999._Edu_12._999._XP_10._20._FXP_-999._999._Coh_-999._999._LFP_1._999._FLFP_1._1._Ass_-999._999._Year_-999._999.                           
 244,          5.77952332,          5.31759000,          0.11485777,         -0.46193332,    313,Earnings     _Age_51._75._Mar_-999._999._Fem_1._1._Kid_-999._999._Edu_12._999._XP_20._30._FXP_-999._999._Coh_-999._999._LFP_1._999._FLFP_1._1._Ass_-999._999._Year_-999._999.                           
 245,          8.25908408,          5.96393000,          0.09747073,         -2.29515408,    191,Earnings     _Age_51._75._Mar_-999._999._Fem_1._1._Kid_-999._999._Edu_12._999._XP_30._999._FXP_-999._999._Coh_-999._999._LFP_1._999._FLFP_1._1._Ass_-999._999._Year_-999._999.                          
 246,          0.86348171,          1.14364000,          0.87908997,          0.28015829,    863,Earnings     _Age_51._75._Mar_-999._999._Fem_1._1._Kid_-999._999._Edu_0._11._XP_0._10._FXP_-999._999._Coh_-999._999._LFP_1._999._FLFP_0._0._Ass_-999._999._Year_-999._999.                              
 247,          0.95308812,          1.09010000,          0.87082223,          0.13701188,    665,Earnings     _Age_51._75._Mar_-999._999._Fem_1._1._Kid_-999._999._Edu_0._11._XP_10._20._FXP_-999._999._Coh_-999._999._LFP_1._999._FLFP_0._0._Ass_-999._999._Year_-999._999.                             
 248,          1.21980541,          1.15881000,          1.01827809,         -0.06099541,    442,Earnings     _Age_51._75._Mar_-999._999._Fem_1._1._Kid_-999._999._Edu_0._11._XP_20._30._FXP_-999._999._Coh_-999._999._LFP_1._999._FLFP_0._0._Ass_-999._999._Year_-999._999.                             
 249,          1.66068438,          1.33962000,          0.84322720,         -0.32106438,    384,Earnings     _Age_51._75._Mar_-999._999._Fem_1._1._Kid_-999._999._Edu_0._11._XP_30._999._FXP_-999._999._Coh_-999._999._LFP_1._999._FLFP_0._0._Ass_-999._999._Year_-999._999.                            
 250,          1.73888137,          1.13527000,          1.15204719,         -0.60361137,     88,Earnings     _Age_51._75._Mar_-999._999._Fem_1._1._Kid_-999._999._Edu_12._999._XP_0._10._FXP_-999._999._Coh_-999._999._LFP_1._999._FLFP_0._0._Ass_-999._999._Year_-999._999.                            
 251,          1.80664635,          2.91230000,          0.10293467,          1.10565365,     44,Earnings     _Age_51._75._Mar_-999._999._Fem_1._1._Kid_-999._999._Edu_12._999._XP_10._20._FXP_-999._999._Coh_-999._999._LFP_1._999._FLFP_0._0._Ass_-999._999._Year_-999._999.                           
 252,          2.50794149,          3.53575000,          0.08959763,          1.02780851,     87,Earnings     _Age_51._75._Mar_-999._999._Fem_1._1._Kid_-999._999._Edu_12._999._XP_20._30._FXP_-999._999._Coh_-999._999._LFP_1._999._FLFP_0._0._Ass_-999._999._Year_-999._999.                           
 253,          3.45276324,          3.65434000,          0.08873288,          0.20157676,     35,Earnings     _Age_51._75._Mar_-999._999._Fem_1._1._Kid_-999._999._Edu_12._999._XP_30._999._FXP_-999._999._Coh_-999._999._LFP_1._999._FLFP_0._0._Ass_-999._999._Year_-999._999.                          
 254,          3.27051420,          3.46754000,          0.10389222,          0.19702580,   4338,Earnings     _Age_51._75._Mar_-999._999._Fem_-999._999._Kid_-999._999._Edu_-999._999._XP_-999._999._FXP_-999._999._Coh_-999._50._LFP_1._999._FLFP_1._1._Ass_-999._999._Year_-999._999.                  
 255,          3.63918976,          3.06194000,          0.16405437,         -0.57724976,   1330,Earnings     _Age_51._75._Mar_-999._999._Fem_-999._999._Kid_-999._999._Edu_-999._999._XP_-999._999._FXP_-999._999._Coh_51._52._LFP_1._999._FLFP_1._1._Ass_-999._999._Year_-999._999.                    
 256,          3.90698657,          3.74599000,          0.08201757,         -0.16099657,   2456,Earnings     _Age_51._75._Mar_-999._999._Fem_-999._999._Kid_-999._999._Edu_-999._999._XP_-999._999._FXP_-999._999._Coh_53._999._LFP_1._999._FLFP_1._1._Ass_-999._999._Year_-999._999.                   
 257,          1.83331811,          2.03753000,          0.15942022,          0.20421189,   3655,Earnings     _Age_51._75._Mar_-999._999._Fem_-999._999._Kid_-999._999._Edu_-999._999._XP_-999._999._FXP_-999._999._Coh_-999._50._LFP_1._999._FLFP_0._0._Ass_-999._999._Year_-999._999.                  
 258,          1.86741792,          2.07763000,          0.21945177,          0.21021208,    927,Earnings     _Age_51._75._Mar_-999._999._Fem_-999._999._Kid_-999._999._Edu_-999._999._XP_-999._999._FXP_-999._999._Coh_51._52._LFP_1._999._FLFP_0._0._Ass_-999._999._Year_-999._999.                    
