  9.539748953974896E-002
  9.907407407407408E-002
  0.120525059665871     
  0.197492163009404     
  0.247557003257329     
  0.218543046357616     
  9.859154929577464E-002
  0.111801242236025     
  0.152671755725191     
  0.322175732217573     
  0.312037037037037     
  0.267303102625298     
  0.451410658307210     
  0.348534201954397     
  0.394039735099338     
  0.464788732394366     
  0.403726708074534     
  0.526717557251908     
  0.123012552301255     
  0.108333333333333     
  0.110978520286396     
  0.119122257053292     
  8.794788273615635E-002
  0.115894039735099     
  0.187793427230047     
  0.142857142857143     
  8.396946564885496E-002
  0.459414225941423     
  0.480555555555556     
  0.501193317422434     
  0.231974921630094     
  0.315960912052117     
  0.271523178807947     
  0.248826291079812     
  0.341614906832298     
  0.236641221374046     
  0.862889788145680     
  0.841651263093038     
  0.720571643474991     
  0.366895097522404     
  0.203162055335968     
  0.559431087030139     
  0.340123164377072     
  0.216689098250336     
  0.120985010706638     
  5.602240896358544E-002
  0.758221680876979     
  0.630608974358974     
  0.293700787401575     
  5.730659025787965E-003
  8.684863523573201E-003
  0.000000000000000E+000
  0.416314199395770     
  0.480625424881033     
  0.532285327924273     
  0.318712589539790     
  0.414577530176416     
  0.566796368352789     
  0.756097560975610     
  0.443750000000000     
  0.471053933696190     
  0.316138296697227     
  9.039548022598870E-002
  0.344370860927152     
  0.318001586042823     
  0.445455902104164     
  4.110758721639424E-002
  3.442541160818227E-002
  0.647172413793103     
  0.625915080527086     
  0.529227557411273     
  0.472701149425287     
  0.526751812219537     
  0.504983388704319     
  0.435971223021583     
  0.369747899159664     
  0.468085106382979     
  0.512412004446091     
  0.698496905393457     
  0.700757575757576     
  0.804878048780488     
  0.418411330049261     
  0.479283314669653     
  0.748283752860412     
  0.862903225806452     
  0.000000000000000E+000
  0.659523809523810     
  0.698588386268848     
  0.000000000000000E+000
  0.562707365627074     
  0.711965134706815     
  0.229503701672608     
  0.285165889772416     
  9.377570605977516E-002
  0.517685769125309     
  0.789062500000000     
  7.421875000000000E-002
  0.136718750000000     
  5.400696864111498E-002
  0.674216027874564     
  0.271777003484321     
  6.230529595015576E-003
  3.302180685358255E-002
  0.960747663551402     
  0.759301442672741     
  0.114654517843584     
  0.126044039483675     
  9.986320109439124E-002
  0.599179206566347     
  0.300957592339261     
  5.490848585690516E-002
  0.252911813643927     
  0.692179700499168     
  8.977875297129274E-002
  0.286341195831048     
  0.250319985372097     
  0.127079904918632     
  8.209910404095813E-002
  0.164381056865972     
  0.308756986957679     
  0.294383816875166     
  0.165291455948895     
  8.277881288261911E-002
  4.977375565610859E-002
  9.901517167953154E-002
  0.143502824858757     
  0.241807909604520     
  0.170621468926554     
  0.110734463276836     
  7.495291902071563E-002
  0.258380414312618     
  0.657592024539877     
  0.177530674846626     
  7.131901840490798E-002
  3.872699386503067E-002
  1.533742331288344E-002
  3.949386503067485E-002
  6.898734177215191E-002
  0.260759493670886     
  0.239873417721519     
  0.146835443037975     
  0.110126582278481     
  0.173417721518987     
  0.153958944281525     
  0.306451612903226     
  0.202346041055718     
  0.112903225806452     
  8.797653958944282E-002
  0.136363636363636     
  9.633027522935780E-002
  0.181957186544343     
  0.146788990825688     
  0.102446483180428     
  6.880733944954129E-002
  0.403669724770642     
  0.359090909090909     
  0.277272727272727     
  0.131818181818182     
  0.104545454545455     
  3.181818181818181E-002
  9.545454545454546E-002
  0.336538461538462     
  0.125000000000000     
  6.730769230769230E-002
  1.923076923076923E-002
  7.692307692307693E-002
  7.692307692307693E-002
  0.298076923076923     
  0.465608465608466     
  0.100529100529101     
  6.878306878306878E-002
  5.820105820105820E-002
  6.349206349206349E-002
  2.116402116402116E-002
  0.222222222222222     
  0.286324786324786     
  0.348290598290598     
  0.131054131054131     
  6.552706552706553E-002
  3.490028490028490E-002
  1.495726495726496E-002
  0.118945868945869     
  0.292121212121212     
  0.216969696969697     
  0.135757575757576     
  9.090909090909091E-002
  5.212121212121212E-002
  4.484848484848485E-002
  0.167272727272727     
   2.96133234264824     
   2.31969846929220     
   3.63215822413129     
   3.17531661722921     
   7.92582757398272     
   4.40381788656489     
   5.99434376396750     
   5.99434376396750     
   1.54722371405969     
   1.83888168156279     
   2.46577090904887     
   3.06530443979520     
   4.97642329227277     
   4.57379252890028     
   5.84339011286666     
   5.84339011286666     
   2.80293373499172     
   3.33592311706196     
   4.31532320212993     
   4.57580321564243     
   4.04287235553766     
   7.00012587963939     
   5.47348775864662     
   5.47348775864662     
  0.746264097768435     
  0.990923465232264     
   1.43796711643733     
   2.55049925014897     
   1.77828719633190     
   2.44663118499496     
   2.72868755624577     
   2.72868755624577     
   3.20734760824255     
   3.22936479110296     
   2.48887616866880     
   1.82932273391065     
   3.87715799724531     
   6.52702088716153     
   4.04442326753519     
   3.75178757320088     
   1.60714832266474     
   2.13936288574437     
   2.22229239496510     
   1.64325363836993     
   4.85594476024191     
   5.16075682570438     
   4.51054416324062     
   4.39986471183338     
   3.08859396146090     
   3.53702448929401     
   3.33788384659840     
   3.97456666309203     
   4.65506298046739     
   4.74777877021999     
   5.77952331918800     
   8.25908407913052     
  0.863481709447751     
  0.953088118384024     
   1.21980540729962     
   1.66068438431803     
   1.73888136869916     
   1.80664634507629     
   2.50794148785594     
   3.45276324422531     
   3.27051419708634     
   3.63918975652830     
   3.90698657047026     
   1.83331811190895     
   1.86741791537095     
