 i, m(i) , mdata(i) , weights(i) , loss(1,i) ,nobs(i)
   1,          0.11528150,          0.10851000,       6250.00000000,         -0.00677150,   1119,0_Assets     _Age_51._55._Mar_1._1._Fem_-999._999._Kid_-999._999._Edu_-999._999._XP_-999._999._FXP_-999._999._Coh_-999._999._LFP_-999._999._FLFP_-999._999._Ass_-999._999._Year_-999._999.              
   2,          0.11111111,          0.06216000,       9090.90909091,         -0.04895111,   1044,0_Assets     _Age_56._61._Mar_1._1._Fem_-999._999._Kid_-999._999._Edu_-999._999._XP_-999._999._FXP_-999._999._Coh_-999._999._LFP_-999._999._FLFP_-999._999._Ass_-999._999._Year_-999._999.              
   3,          0.09036861,          0.07452000,       5882.35294118,         -0.01584861,    841,0_Assets     _Age_61._66._Mar_1._1._Fem_-999._999._Kid_-999._999._Edu_-999._999._XP_-999._999._FXP_-999._999._Coh_-999._999._LFP_-999._999._FLFP_-999._999._Ass_-999._999._Year_-999._999.              
   4,          0.19125683,          0.17834000,       1075.26881720,         -0.01291683,    366,0_Assets     _Age_51._55._Mar_0._0._Fem_1._1._Kid_-999._999._Edu_-999._999._XP_-999._999._FXP_-999._999._Coh_-999._999._LFP_-999._999._FLFP_-999._999._Ass_-999._999._Year_-999._999.                   
   5,          0.23219814,          0.15287000,       1219.51219512,         -0.07932814,    323,0_Assets     _Age_56._61._Mar_0._0._Fem_1._1._Kid_-999._999._Edu_-999._999._XP_-999._999._FXP_-999._999._Coh_-999._999._LFP_-999._999._FLFP_-999._999._Ass_-999._999._Year_-999._999.                   
   6,          0.21498371,          0.16352000,       1162.79069767,         -0.05146371,    307,0_Assets     _Age_61._66._Mar_0._0._Fem_1._1._Kid_-999._999._Edu_-999._999._XP_-999._999._FXP_-999._999._Coh_-999._999._LFP_-999._999._FLFP_-999._999._Ass_-999._999._Year_-999._999.                   
   7,          0.13389121,          0.17241000,        609.75609756,          0.03851879,    239,0_Assets     _Age_51._55._Mar_0._0._Fem_0._0._Kid_-999._999._Edu_-999._999._XP_-999._999._FXP_-999._999._Coh_-999._999._LFP_-999._999._FLFP_-999._999._Ass_-999._999._Year_-999._999.                   
   8,          0.10734463,          0.22857000,        396.82539683,          0.12122537,    177,0_Assets     _Age_56._61._Mar_0._0._Fem_0._0._Kid_-999._999._Edu_-999._999._XP_-999._999._FXP_-999._999._Coh_-999._999._LFP_-999._999._FLFP_-999._999._Ass_-999._999._Year_-999._999.                   
   9,          0.13636364,          0.37500000,        238.66348449,          0.23863636,    132,0_Assets     _Age_61._66._Mar_0._0._Fem_0._0._Kid_-999._999._Edu_-999._999._XP_-999._999._FXP_-999._999._Coh_-999._999._LFP_-999._999._FLFP_-999._999._Ass_-999._999._Year_-999._999.                   
  10,          0.30116175,          0.22204000,       3448.27586207,         -0.07912175,   1119,Assets<5     _Age_51._55._Mar_1._1._Fem_-999._999._Kid_-999._999._Edu_-999._999._XP_-999._999._FXP_-999._999._Coh_-999._999._LFP_-999._999._FLFP_-999._999._Ass_-999._999._Year_-999._999.              
  11,          0.30842912,          0.17733000,       3703.70370370,         -0.13109912,   1044,Assets<5     _Age_56._61._Mar_1._1._Fem_-999._999._Kid_-999._999._Edu_-999._999._XP_-999._999._FXP_-999._999._Coh_-999._999._LFP_-999._999._FLFP_-999._999._Ass_-999._999._Year_-999._999.              
  12,          0.29845422,          0.18510000,       2777.77777778,         -0.11335422,    841,Assets<5     _Age_61._66._Mar_1._1._Fem_-999._999._Kid_-999._999._Edu_-999._999._XP_-999._999._FXP_-999._999._Coh_-999._999._LFP_-999._999._FLFP_-999._999._Ass_-999._999._Year_-999._999.              
  13,          0.45628415,          0.18471000,       1041.66666667,         -0.27157415,    366,Assets<5     _Age_51._55._Mar_0._0._Fem_1._1._Kid_-999._999._Edu_-999._999._XP_-999._999._FXP_-999._999._Coh_-999._999._LFP_-999._999._FLFP_-999._999._Ass_-999._999._Year_-999._999.                   
  14,          0.34674923,          0.22293000,        909.09090909,         -0.12381923,    323,Assets<5     _Age_56._61._Mar_0._0._Fem_1._1._Kid_-999._999._Edu_-999._999._XP_-999._999._FXP_-999._999._Coh_-999._999._LFP_-999._999._FLFP_-999._999._Ass_-999._999._Year_-999._999.                   
  15,          0.38110749,          0.26415000,        819.67213115,         -0.11695749,    307,Assets<5     _Age_61._66._Mar_0._0._Fem_1._1._Kid_-999._999._Edu_-999._999._XP_-999._999._FXP_-999._999._Coh_-999._999._LFP_-999._999._FLFP_-999._999._Ass_-999._999._Year_-999._999.                   
  16,          0.41422594,          0.17241000,        609.75609756,         -0.24181594,    239,Assets<5     _Age_51._55._Mar_0._0._Fem_0._0._Kid_-999._999._Edu_-999._999._XP_-999._999._FXP_-999._999._Coh_-999._999._LFP_-999._999._FLFP_-999._999._Ass_-999._999._Year_-999._999.                   
  17,          0.42372881,          0.22857000,        396.82539683,         -0.19515881,    177,Assets<5     _Age_56._61._Mar_0._0._Fem_0._0._Kid_-999._999._Edu_-999._999._XP_-999._999._FXP_-999._999._Coh_-999._999._LFP_-999._999._FLFP_-999._999._Ass_-999._999._Year_-999._999.                   
  18,          0.50757576,          0.21429000,        332.22591362,         -0.29328576,    132,Assets<5     _Age_61._66._Mar_0._0._Fem_0._0._Kid_-999._999._Edu_-999._999._XP_-999._999._FXP_-999._999._Coh_-999._999._LFP_-999._999._FLFP_-999._999._Ass_-999._999._Year_-999._999.                   
  19,          0.13494191,          0.16694000,       4347.82608696,          0.03199809,   1119,Assets<10     _Age_51._55._Mar_1._1._Fem_-999._999._Kid_-999._999._Edu_-999._999._XP_-999._999._FXP_-999._999._Coh_-999._999._LFP_-999._999._FLFP_-999._999._Ass_-999._999._Year_-999._999.             
  20,          0.11111111,          0.18099000,       3703.70370370,          0.06987889,   1044,Assets<10     _Age_56._61._Mar_1._1._Fem_-999._999._Kid_-999._999._Edu_-999._999._XP_-999._999._FXP_-999._999._Coh_-999._999._LFP_-999._999._FLFP_-999._999._Ass_-999._999._Year_-999._999.             
  21,          0.10820452,          0.16346000,       3030.30303030,          0.05525548,    841,Assets<10     _Age_61._66._Mar_1._1._Fem_-999._999._Kid_-999._999._Edu_-999._999._XP_-999._999._FXP_-999._999._Coh_-999._999._LFP_-999._999._FLFP_-999._999._Ass_-999._999._Year_-999._999.             
  22,          0.11748634,          0.15924000,       1176.47058824,          0.04175366,    366,Assets<10     _Age_51._55._Mar_0._0._Fem_1._1._Kid_-999._999._Edu_-999._999._XP_-999._999._FXP_-999._999._Coh_-999._999._LFP_-999._999._FLFP_-999._999._Ass_-999._999._Year_-999._999.                  
  23,          0.10216718,          0.14650000,       1250.00000000,          0.04433282,    323,Assets<10     _Age_56._61._Mar_0._0._Fem_1._1._Kid_-999._999._Edu_-999._999._XP_-999._999._FXP_-999._999._Coh_-999._999._LFP_-999._999._FLFP_-999._999._Ass_-999._999._Year_-999._999.                  
  24,          0.11726384,          0.14465000,       1282.05128205,          0.02738616,    307,Assets<10     _Age_61._66._Mar_0._0._Fem_1._1._Kid_-999._999._Edu_-999._999._XP_-999._999._FXP_-999._999._Coh_-999._999._LFP_-999._999._FLFP_-999._999._Ass_-999._999._Year_-999._999.                  
  25,          0.21338912,          0.16092000,        645.16129032,         -0.05246912,    239,Assets<10     _Age_51._55._Mar_0._0._Fem_0._0._Kid_-999._999._Edu_-999._999._XP_-999._999._FXP_-999._999._Coh_-999._999._LFP_-999._999._FLFP_-999._999._Ass_-999._999._Year_-999._999.                  
  26,          0.15819209,          0.18571000,        462.96296296,          0.02751791,    177,Assets<10     _Age_56._61._Mar_0._0._Fem_0._0._Kid_-999._999._Edu_-999._999._XP_-999._999._FXP_-999._999._Coh_-999._999._LFP_-999._999._FLFP_-999._999._Ass_-999._999._Year_-999._999.                  
  27,          0.12878788,          0.12500000,        512.82051282,         -0.00378788,    132,Assets<10     _Age_61._66._Mar_0._0._Fem_0._0._Kid_-999._999._Edu_-999._999._XP_-999._999._FXP_-999._999._Coh_-999._999._LFP_-999._999._FLFP_-999._999._Ass_-999._999._Year_-999._999.                  
  28,          0.44861483,          0.33556000,       2702.70270270,         -0.11305483,   1119,Assets>10     _Age_51._55._Mar_1._1._Fem_-999._999._Kid_-999._999._Edu_-999._999._XP_-999._999._FXP_-999._999._Coh_-999._999._LFP_-999._999._FLFP_-999._999._Ass_-999._999._Year_-999._999.             
  29,          0.46934866,          0.37477000,       2325.58139535,         -0.09457866,   1044,Assets>10     _Age_56._61._Mar_1._1._Fem_-999._999._Kid_-999._999._Edu_-999._999._XP_-999._999._FXP_-999._999._Coh_-999._999._LFP_-999._999._FLFP_-999._999._Ass_-999._999._Year_-999._999.             
  30,          0.50297265,          0.38702000,       1754.38596491,         -0.11595265,    841,Assets>10     _Age_61._66._Mar_1._1._Fem_-999._999._Kid_-999._999._Edu_-999._999._XP_-999._999._FXP_-999._999._Coh_-999._999._LFP_-999._999._FLFP_-999._999._Ass_-999._999._Year_-999._999.             
  31,          0.23497268,          0.29299000,        757.57575758,          0.05801732,    366,Assets>10     _Age_51._55._Mar_0._0._Fem_1._1._Kid_-999._999._Edu_-999._999._XP_-999._999._FXP_-999._999._Coh_-999._999._LFP_-999._999._FLFP_-999._999._Ass_-999._999._Year_-999._999.                  
  32,          0.31888545,          0.33121000,        709.21985816,          0.01232455,    323,Assets>10     _Age_56._61._Mar_0._0._Fem_1._1._Kid_-999._999._Edu_-999._999._XP_-999._999._FXP_-999._999._Coh_-999._999._LFP_-999._999._FLFP_-999._999._Ass_-999._999._Year_-999._999.                  
  33,          0.28664495,          0.28931000,        775.19379845,          0.00266505,    307,Assets>10     _Age_61._66._Mar_0._0._Fem_1._1._Kid_-999._999._Edu_-999._999._XP_-999._999._FXP_-999._999._Coh_-999._999._LFP_-999._999._FLFP_-999._999._Ass_-999._999._Year_-999._999.                  
  34,          0.23849372,          0.25287000,        460.82949309,          0.01437628,    239,Assets>10     _Age_51._55._Mar_0._0._Fem_0._0._Kid_-999._999._Edu_-999._999._XP_-999._999._FXP_-999._999._Coh_-999._999._LFP_-999._999._FLFP_-999._999._Ass_-999._999._Year_-999._999.                  
  35,          0.31073446,          0.24286000,        380.22813688,         -0.06787446,    177,Assets>10     _Age_56._61._Mar_0._0._Fem_0._0._Kid_-999._999._Edu_-999._999._XP_-999._999._FXP_-999._999._Coh_-999._999._LFP_-999._999._FLFP_-999._999._Ass_-999._999._Year_-999._999.                  
  36,          0.22727273,          0.17857000,        381.67938931,         -0.04870273,    132,Assets>10     _Age_61._66._Mar_0._0._Fem_0._0._Kid_-999._999._Edu_-999._999._XP_-999._999._FXP_-999._999._Coh_-999._999._LFP_-999._999._FLFP_-999._999._Ass_-999._999._Year_-999._999.                  
  37,          0.84719905,          0.79890000,      12500.00000000,         -0.04829905,   4195,LFP     _Age_51._55._Mar_-999._999._Fem_0._0._Kid_-999._999._Edu_-999._999._XP_-999._999._FXP_-999._999._Coh_-999._999._LFP_-999._999._FLFP_-999._999._Ass_-999._999._Year_-999._999.                   
  38,          0.84556104,          0.71456000,       7692.30769231,         -0.13100104,   3244,LFP     _Age_56._60._Mar_-999._999._Fem_0._0._Kid_-999._999._Edu_-999._999._XP_-999._999._FXP_-999._999._Coh_-999._999._LFP_-999._999._FLFP_-999._999._Ass_-999._999._Year_-999._999.                   
  39,          0.71664788,          0.56573000,       5263.15789474,         -0.15091788,   2661,LFP     _Age_61._65._Mar_-999._999._Fem_0._0._Kid_-999._999._Edu_-999._999._XP_-999._999._FXP_-999._999._Coh_-999._999._LFP_-999._999._FLFP_-999._999._Ass_-999._999._Year_-999._999.                   
  40,          0.38542767,          0.29718000,       4347.82608696,         -0.08824767,   1894,LFP     _Age_66._70._Mar_-999._999._Fem_0._0._Kid_-999._999._Edu_-999._999._XP_-999._999._FXP_-999._999._Coh_-999._999._LFP_-999._999._FLFP_-999._999._Ass_-999._999._Year_-999._999.                   
  41,          0.19442231,          0.17230000,       4347.82608696,         -0.02212231,   1255,LFP     _Age_71._75._Mar_-999._999._Fem_0._0._Kid_-999._999._Edu_-999._999._XP_-999._999._FXP_-999._999._Coh_-999._999._LFP_-999._999._FLFP_-999._999._Ass_-999._999._Year_-999._999.                   
  42,          0.57209975,          0.38593000,       2439.02439024,         -0.18616975,   2767,LFP     _Age_51._55._Mar_1._1._Fem_1._1._Kid_-999._999._Edu_-999._999._XP_-999._999._FXP_-999._999._Coh_-999._999._LFP_-999._999._FLFP_-999._999._Ass_-999._999._Year_-999._999.                        
  43,          0.31719368,          0.35236000,       1754.38596491,          0.03516632,   2024,LFP     _Age_56._60._Mar_1._1._Fem_1._1._Kid_-999._999._Edu_-999._999._XP_-999._999._FXP_-999._999._Coh_-999._999._LFP_-999._999._FLFP_-999._999._Ass_-999._999._Year_-999._999.                        
  44,          0.21947965,          0.11498000,       2857.14285714,         -0.10449965,   1499,LFP     _Age_61._65._Mar_1._1._Fem_1._1._Kid_-999._999._Edu_-999._999._XP_-999._999._FXP_-999._999._Coh_-999._999._LFP_-999._999._FLFP_-999._999._Ass_-999._999._Year_-999._999.                        
  45,          0.10647182,          0.04520000,       4166.66666667,         -0.06127182,    958,LFP     _Age_66._70._Mar_1._1._Fem_1._1._Kid_-999._999._Edu_-999._999._XP_-999._999._FXP_-999._999._Coh_-999._999._LFP_-999._999._FLFP_-999._999._Ass_-999._999._Year_-999._999.                        
  46,          0.05750351,          0.03623000,       4000.00000000,         -0.02127351,    713,LFP     _Age_71._75._Mar_1._1._Fem_1._1._Kid_-999._999._Edu_-999._999._XP_-999._999._FXP_-999._999._Coh_-999._999._LFP_-999._999._FLFP_-999._999._Ass_-999._999._Year_-999._999.                        
  47,          0.74808324,          0.61279000,       1250.00000000,         -0.13529324,   1826,LFP     _Age_51._55._Mar_0._0._Fem_1._1._Kid_-999._999._Edu_-999._999._XP_-999._999._FXP_-999._999._Coh_-999._999._LFP_-999._999._FLFP_-999._999._Ass_-999._999._Year_-999._999.                        
  48,          0.63431151,          0.41079000,       1000.00000000,         -0.22352151,   1329,LFP     _Age_56._60._Mar_0._0._Fem_1._1._Kid_-999._999._Edu_-999._999._XP_-999._999._FXP_-999._999._Coh_-999._999._LFP_-999._999._FLFP_-999._999._Ass_-999._999._Year_-999._999.                        
  49,          0.29215229,          0.26848000,       1315.78947368,         -0.02367229,   1287,LFP     _Age_61._65._Mar_0._0._Fem_1._1._Kid_-999._999._Edu_-999._999._XP_-999._999._FXP_-999._999._Coh_-999._999._LFP_-999._999._FLFP_-999._999._Ass_-999._999._Year_-999._999.                        
  50,          0.00769971,          0.13810000,       1754.38596491,          0.13040029,   1039,LFP     _Age_66._70._Mar_0._0._Fem_1._1._Kid_-999._999._Edu_-999._999._XP_-999._999._FXP_-999._999._Coh_-999._999._LFP_-999._999._FLFP_-999._999._Ass_-999._999._Year_-999._999.                        
  51,          0.00501253,          0.05556000,       3125.00000000,          0.05054747,    798,LFP     _Age_71._75._Mar_0._0._Fem_1._1._Kid_-999._999._Edu_-999._999._XP_-999._999._FXP_-999._999._Coh_-999._999._LFP_-999._999._FLFP_-999._999._Ass_-999._999._Year_-999._999.                        
  52,          0.00000000,          0.04929000,      33333.33333333,          0.04929000,   3680,LFP     _Age_51._75._Mar_-999._999._Fem_1._1._Kid_-999._999._Edu_-999._999._XP_0._0._FXP_-999._999._Coh_-999._999._LFP_-999._999._FLFP_-999._999._Ass_-999._999._Year_-999._999.                        
  53,          0.41895113,          0.16242000,       7142.85714286,         -0.25653113,   1678,LFP     _Age_51._75._Mar_-999._999._Fem_1._1._Kid_-999._999._Edu_-999._999._XP_0._5._FXP_-999._999._Coh_-999._999._LFP_-999._999._FLFP_-999._999._Ass_-999._999._Year_-999._999.                        
  54,          0.48073645,          0.27842000,       7142.85714286,         -0.20231645,   2933,LFP     _Age_51._75._Mar_-999._999._Fem_1._1._Kid_-999._999._Edu_-999._999._XP_6._15._FXP_-999._999._Coh_-999._999._LFP_-999._999._FLFP_-999._999._Ass_-999._999._Year_-999._999.                       
  55,          0.53327717,          0.48748000,      12500.00000000,         -0.04579717,   5935,LFP     _Age_51._75._Mar_-999._999._Fem_1._1._Kid_-999._999._Edu_-999._999._XP_16._999._FXP_-999._999._Coh_-999._999._LFP_-999._999._FLFP_-999._999._Ass_-999._999._Year_-999._999.                     
  56,          0.32456829,          0.19920000,      25000.00000000,         -0.12536829,  10192,LFP     _Age_51._75._Mar_-999._999._Fem_1._1._Kid_-999._999._Edu_0._7._XP_-999._999._FXP_-999._999._Coh_-999._999._LFP_-999._999._FLFP_-999._999._Ass_-999._999._Year_-999._999.                        
  57,          0.40839871,          0.34527000,       7692.30769231,         -0.06312871,   2167,LFP     _Age_51._75._Mar_-999._999._Fem_1._1._Kid_-999._999._Edu_8._11._XP_-999._999._FXP_-999._999._Coh_-999._999._LFP_-999._999._FLFP_-999._999._Ass_-999._999._Year_-999._999.                       
  58,          0.54352031,          0.42706000,       5000.00000000,         -0.11646031,   1551,LFP     _Age_51._75._Mar_-999._999._Fem_1._1._Kid_-999._999._Edu_12._15._XP_-999._999._FXP_-999._999._Coh_-999._999._LFP_-999._999._FLFP_-999._999._Ass_-999._999._Year_-999._999.                      
  59,          0.77245509,          0.67752000,       1408.45070423,         -0.09493509,    334,LFP     _Age_51._75._Mar_-999._999._Fem_1._1._Kid_-999._999._Edu_16._999._XP_-999._999._FXP_-999._999._Coh_-999._999._LFP_-999._999._FLFP_-999._999._Ass_-999._999._Year_-999._999.                     
  60,          0.44601770,          0.39923000,       2173.91304348,         -0.04678770,   1130,LFP     _Age_51._75._Mar_-999._999._Fem_1._1._Kid_0._0._Edu_-999._999._XP_-999._999._FXP_-999._999._Coh_-999._999._LFP_-999._999._FLFP_-999._999._Ass_-999._999._Year_-999._999.                        
  61,          0.48005908,          0.38581000,       8333.33333333,         -0.09424908,   4062,LFP     _Age_51._75._Mar_-999._999._Fem_1._1._Kid_1._2._Edu_-999._999._XP_-999._999._FXP_-999._999._Coh_-999._999._LFP_-999._999._FLFP_-999._999._Ass_-999._999._Year_-999._999.                        
  62,          0.31374282,          0.25810000,      25000.00000000,         -0.05564282,   9052,LFP     _Age_51._75._Mar_-999._999._Fem_1._1._Kid_3._999._Edu_-999._999._XP_-999._999._FXP_-999._999._Coh_-999._999._LFP_-999._999._FLFP_-999._999._Ass_-999._999._Year_-999._999.                      
  63,          0.10989867,          0.34906000,       1408.45070423,          0.23916133,   1283,LFP     _Age_51._75._Mar_-999._999._Fem_1._1._Kid_-999._999._Edu_-999._999._XP_-999._999._FXP_-999._999._Coh_-999._999._LFP_-999._999._FLFP_-999._999._Ass_-999._999._Year_-999._999.                   
  64,          0.34688477,          0.28019000,       1030.92783505,         -0.06669477,   4157,LFP     _Age_51._75._Mar_-999._999._Fem_1._1._Kid_-999._999._Edu_-999._999._XP_-999._999._FXP_-999._999._Coh_-999._999._LFP_-999._999._FLFP_-999._999._Ass_-999._999._Year_-999._999.                   
  65,          0.29842520,          0.28791000,       2222.22222222,         -0.01051520,   1270,LFP     _Age_51._75._Mar_-999._999._Fem_1._1._Kid_-999._999._Edu_-999._999._XP_-999._999._FXP_-999._999._Coh_-999._999._LFP_-999._999._FLFP_-999._999._Ass_-999._999._Year_-999._999.                   
  66,          0.44555639,          0.28398000,       7142.85714286,         -0.16157639,   6695,LFP     _Age_51._75._Mar_-999._999._Fem_1._1._Kid_-999._999._Edu_-999._999._XP_-999._999._FXP_-999._999._Coh_-999._999._LFP_-999._999._FLFP_-999._999._Ass_-999._999._Year_-999._999.                   
  67,          0.04534606,          0.05668000,      33333.33333333,          0.01133394,   7961,Part-Time     _Age_51._75._Mar_1._1._Fem_1._1._Kid_-999._999._Edu_-999._999._XP_-999._999._FXP_-999._999._Coh_-999._999._LFP_-999._999._FLFP_-999._999._Ass_-999._999._Year_-999._999.                  
  68,          0.03424112,          0.07712000,      16666.66666667,          0.04287888,   6279,Part-Time     _Age_51._75._Mar_0._0._Fem_1._1._Kid_-999._999._Edu_-999._999._XP_-999._999._FXP_-999._999._Coh_-999._999._LFP_-999._999._FLFP_-999._999._Ass_-999._999._Year_-999._999.                  
  69,          0.65503658,          0.57358000,       6666.66666667,         -0.08145658,   3554,FLFP     _Age_51._55._Mar_-999._999._Fem_0._0._Kid_-999._999._Edu_-999._999._XP_-999._999._FXP_-999._999._Coh_-999._999._LFP_1._999._FLFP_-999._999._Ass_-999._999._Year_-999._999.                     
  70,          0.64892454,          0.57042000,       4545.45454545,         -0.07850454,   2743,FLFP     _Age_56._60._Mar_-999._999._Fem_0._0._Kid_-999._999._Edu_-999._999._XP_-999._999._FXP_-999._999._Coh_-999._999._LFP_1._999._FLFP_-999._999._Ass_-999._999._Year_-999._999.                     
  71,          0.52648138,          0.46888000,       2941.17647059,         -0.05760138,   1907,FLFP     _Age_61._65._Mar_-999._999._Fem_0._0._Kid_-999._999._Edu_-999._999._XP_-999._999._FXP_-999._999._Coh_-999._999._LFP_1._999._FLFP_-999._999._Ass_-999._999._Year_-999._999.                     
  72,          0.52328767,          0.38686000,       1149.42528736,         -0.13642767,    730,FLFP     _Age_66._70._Mar_-999._999._Fem_0._0._Kid_-999._999._Edu_-999._999._XP_-999._999._FXP_-999._999._Coh_-999._999._LFP_1._999._FLFP_-999._999._Ass_-999._999._Year_-999._999.                     
  73,          0.52560190,          0.59773000,       4347.82608696,          0.07212810,   2949,FLFP     _Age_51._55._Mar_-999._999._Fem_1._1._Kid_-999._999._Edu_-999._999._XP_-999._999._FXP_-999._999._Coh_-999._999._LFP_1._999._FLFP_-999._999._Ass_-999._999._Year_-999._999.                     
  74,          0.50572391,          0.52769000,       2631.57894737,          0.02196609,   1485,FLFP     _Age_56._60._Mar_-999._999._Fem_1._1._Kid_-999._999._Edu_-999._999._XP_-999._999._FXP_-999._999._Coh_-999._999._LFP_1._999._FLFP_-999._999._Ass_-999._999._Year_-999._999.                     
  75,          0.45815603,          0.41606000,       1123.59550562,         -0.04209603,    705,FLFP     _Age_61._65._Mar_-999._999._Fem_1._1._Kid_-999._999._Edu_-999._999._XP_-999._999._FXP_-999._999._Coh_-999._999._LFP_1._999._FLFP_-999._999._Ass_-999._999._Year_-999._999.                     
  76,          0.43636364,          0.31683000,        467.28971963,         -0.11953364,    110,FLFP     _Age_66._70._Mar_-999._999._Fem_1._1._Kid_-999._999._Edu_-999._999._XP_-999._999._FXP_-999._999._Coh_-999._999._LFP_1._999._FLFP_-999._999._Ass_-999._999._Year_-999._999.                     
  77,          0.44444444,          0.30556000,        169.77928693,         -0.13888444,     45,FLFP     _Age_71._75._Mar_-999._999._Fem_1._1._Kid_-999._999._Edu_-999._999._XP_-999._999._FXP_-999._999._Coh_-999._999._LFP_1._999._FLFP_-999._999._Ass_-999._999._Year_-999._999.                     
  78,          0.54281950,          0.50074000,       8333.33333333,         -0.04207950,   5313,FLFP     _Age_51._75._Mar_-999._999._Fem_0._0._Kid_-999._999._Edu_0._7._XP_-999._999._FXP_-999._999._Coh_-999._999._LFP_1._999._FLFP_-999._999._Ass_-999._999._Year_-999._999.                          
  79,          0.68291592,          0.47842000,       3333.33333333,         -0.20449592,   2236,FLFP     _Age_51._75._Mar_-999._999._Fem_0._0._Kid_-999._999._Edu_8._11._XP_-999._999._FXP_-999._999._Coh_-999._999._LFP_1._999._FLFP_-999._999._Ass_-999._999._Year_-999._999.                         
  80,          0.71333825,          0.62549000,       3333.33333333,         -0.08784825,   1357,FLFP     _Age_51._75._Mar_-999._999._Fem_0._0._Kid_-999._999._Edu_12._15._XP_-999._999._FXP_-999._999._Coh_-999._999._LFP_1._999._FLFP_-999._999._Ass_-999._999._Year_-999._999.                        
  81,          0.70955882,          0.67925000,        970.87378641,         -0.03030882,    272,FLFP     _Age_51._75._Mar_-999._999._Fem_0._0._Kid_-999._999._Edu_16._999._XP_-999._999._FXP_-999._999._Coh_-999._999._LFP_1._999._FLFP_-999._999._Ass_-999._999._Year_-999._999.                       
  82,          0.41505441,          0.37750000,       3448.27586207,         -0.03755441,   3308,FLFP     _Age_51._75._Mar_-999._999._Fem_1._1._Kid_-999._999._Edu_0._7._XP_-999._999._FXP_-999._999._Coh_-999._999._LFP_1._999._FLFP_-999._999._Ass_-999._999._Year_-999._999.                          
  83,          0.52994350,          0.53741000,       2380.95238095,          0.00746650,    885,FLFP     _Age_51._75._Mar_-999._999._Fem_1._1._Kid_-999._999._Edu_8._11._XP_-999._999._FXP_-999._999._Coh_-999._999._LFP_1._999._FLFP_-999._999._Ass_-999._999._Year_-999._999.                         
  84,          0.75800712,          0.63550000,       2272.72727273,         -0.12250712,    843,FLFP     _Age_51._75._Mar_-999._999._Fem_1._1._Kid_-999._999._Edu_12._15._XP_-999._999._FXP_-999._999._Coh_-999._999._LFP_1._999._FLFP_-999._999._Ass_-999._999._Year_-999._999.                        
  85,          0.81782946,          0.87500000,       1886.79245283,          0.05717054,    258,FLFP     _Age_51._75._Mar_-999._999._Fem_1._1._Kid_-999._999._Edu_16._999._XP_-999._999._FXP_-999._999._Coh_-999._999._LFP_1._999._FLFP_-999._999._Ass_-999._999._Year_-999._999.                       
  86,          0.00000000,          0.07853000,       8333.33333333,          0.07853000,   1247,FLFP     _Age_51._75._Mar_-999._999._Fem_0._0._Kid_-999._999._Edu_-999._999._XP_-999._999._FXP_0._0._Coh_-999._999._LFP_1._999._FLFP_-999._999._Ass_-999._999._Year_-999._999.                          
  87,          0.66413551,          0.27684000,       2631.57894737,         -0.38729551,   1712,FLFP     _Age_51._75._Mar_-999._999._Fem_0._0._Kid_-999._999._Edu_-999._999._XP_-999._999._FXP_1._10._Coh_-999._999._LFP_1._999._FLFP_-999._999._Ass_-999._999._Year_-999._999.                         
  88,          0.71318204,          0.68673000,      12500.00000000,         -0.02645204,   6213,FLFP     _Age_51._75._Mar_-999._999._Fem_0._0._Kid_-999._999._Edu_-999._999._XP_-999._999._FXP_11._999._Coh_-999._999._LFP_1._999._FLFP_-999._999._Ass_-999._999._Year_-999._999.                       
  89,          0.00000000,          0.06623000,       7142.85714286,          0.06623000,   1143,FLFP     _Age_51._75._Mar_-999._999._Fem_1._1._Kid_-999._999._Edu_-999._999._XP_-999._999._FXP_0._0._Coh_-999._999._LFP_1._999._FLFP_-999._999._Ass_-999._999._Year_-999._999.                          
  90,          0.55350066,          0.46320000,       1851.85185185,         -0.09030066,   1514,FLFP     _Age_51._75._Mar_-999._999._Fem_1._1._Kid_-999._999._Edu_-999._999._XP_-999._999._FXP_1._10._Coh_-999._999._LFP_1._999._FLFP_-999._999._Ass_-999._999._Year_-999._999.                         
  91,          0.70681031,          0.73768000,       6250.00000000,          0.03086969,   2599,FLFP     _Age_51._75._Mar_-999._999._Fem_1._1._Kid_-999._999._Edu_-999._999._XP_-999._999._FXP_11._999._Coh_-999._999._LFP_1._999._FLFP_-999._999._Ass_-999._999._Year_-999._999.                       
  92,          0.22646310,          0.14200000,      14285.71428571,         -0.08446310,   3537,HHLFP     _Age_51._75._Mar_1._1._Fem_-999._999._Kid_-999._999._Edu_-999._999._XP_-999._999._FXP_-999._999._Coh_-999._999._LFP_-999._999._FLFP_-999._999._Ass_-999._999._Year_-999._999.                 
  93,          0.29516539,          0.34298000,       8333.33333333,          0.04781461,   3537,HHLFP     _Age_51._75._Mar_1._1._Fem_-999._999._Kid_-999._999._Edu_-999._999._XP_-999._999._FXP_-999._999._Coh_-999._999._LFP_-999._999._FLFP_-999._999._Ass_-999._999._Year_-999._999.                 
  94,          0.09612666,          0.06608000,      33333.33333333,         -0.03004666,   3537,HHLFP     _Age_51._75._Mar_1._1._Fem_-999._999._Kid_-999._999._Edu_-999._999._XP_-999._999._FXP_-999._999._Coh_-999._999._LFP_-999._999._FLFP_-999._999._Ass_-999._999._Year_-999._999.                 
  95,          0.52078032,          0.56526000,       7692.30769231,          0.04447968,   3537,HHLFP     _Age_51._75._Mar_1._1._Fem_-999._999._Kid_-999._999._Edu_-999._999._XP_-999._999._FXP_-999._999._Coh_-999._999._LFP_-999._999._FLFP_-999._999._Ass_-999._999._Year_-999._999.                 
  96,          0.78285714,          0.78440000,       1282.05128205,          0.00154286,    525,FtoF     _Age_51._75._Mar_-999._999._Fem_1._1._Kid_-999._999._Edu_-999._999._XP_-999._999._FXP_-999._999._Coh_-999._999._LFP_-999._999._FLFP_-999._999._Ass_1._1._Year_1._1.                            
  97,          0.08571429,          0.08716000,       2777.77777778,          0.00144571,    525,FtoI     _Age_51._75._Mar_-999._999._Fem_1._1._Kid_-999._999._Edu_-999._999._XP_-999._999._FXP_-999._999._Coh_-999._999._LFP_-999._999._FLFP_-999._999._Ass_1._1._Year_1._1.                            
  98,          0.13142857,          0.12844000,       1960.78431373,         -0.00298857,    525,FtoH     _Age_51._75._Mar_-999._999._Fem_1._1._Kid_-999._999._Edu_-999._999._XP_-999._999._FXP_-999._999._Coh_-999._999._LFP_-999._999._FLFP_-999._999._Ass_1._1._Year_1._1.                            
  99,          0.04416961,          0.13072000,       1351.35135135,          0.08655039,    566,ItoF     _Age_51._75._Mar_-999._999._Fem_1._1._Kid_-999._999._Edu_-999._999._XP_-999._999._FXP_-999._999._Coh_-999._999._LFP_-999._999._FLFP_-999._999._Ass_1._1._Year_0._0.                            
 100,          0.70141343,          0.57516000,        625.00000000,         -0.12625343,    566,ItoI     _Age_51._75._Mar_-999._999._Fem_1._1._Kid_-999._999._Edu_-999._999._XP_-999._999._FXP_-999._999._Coh_-999._999._LFP_-999._999._FLFP_-999._999._Ass_1._1._Year_0._0.                            
 101,          0.25441696,          0.29412000,        735.29411765,          0.03970304,    566,ItoH     _Age_51._75._Mar_-999._999._Fem_1._1._Kid_-999._999._Edu_-999._999._XP_-999._999._FXP_-999._999._Coh_-999._999._LFP_-999._999._FLFP_-999._999._Ass_1._1._Year_0._0.                            
 102,          0.00372902,          0.01331000,     100000.00000000,          0.00958098,   1609,HtoF     _Age_51._75._Mar_-999._999._Fem_1._1._Kid_-999._999._Edu_-999._999._XP_-999._999._FXP_-999._999._Coh_-999._999._LFP_-999._999._FLFP_-999._999._Ass_0._0._Year_-999._999.                       
 103,          0.02858919,          0.05527000,      20000.00000000,          0.02668081,   1609,HtoI     _Age_51._75._Mar_-999._999._Fem_1._1._Kid_-999._999._Edu_-999._999._XP_-999._999._FXP_-999._999._Coh_-999._999._LFP_-999._999._FLFP_-999._999._Ass_0._0._Year_-999._999.                       
 104,          0.96768179,          0.93142000,      14285.71428571,         -0.03626179,   1609,HtoH     _Age_51._75._Mar_-999._999._Fem_1._1._Kid_-999._999._Edu_-999._999._XP_-999._999._FXP_-999._999._Coh_-999._999._LFP_-999._999._FLFP_-999._999._Ass_0._0._Year_-999._999.                       
 105,          0.76190476,          0.78984000,       2631.57894737,          0.02793524,   1323,FtoF     _Age_51._75._Mar_-999._999._Fem_0._0._Kid_-999._999._Edu_-999._999._XP_-999._999._FXP_-999._999._Coh_-999._999._LFP_-999._999._FLFP_-999._999._Ass_1._1._Year_1._1.                            
 106,          0.10959940,          0.11085000,       4347.82608696,          0.00125060,   1323,FtoI     _Age_51._75._Mar_-999._999._Fem_0._0._Kid_-999._999._Edu_-999._999._XP_-999._999._FXP_-999._999._Coh_-999._999._LFP_-999._999._FLFP_-999._999._Ass_1._1._Year_1._1.                            
 107,          0.12849584,          0.09931000,       4761.90476190,         -0.02918584,   1323,FtoH     _Age_51._75._Mar_-999._999._Fem_0._0._Kid_-999._999._Edu_-999._999._XP_-999._999._FXP_-999._999._Coh_-999._999._LFP_-999._999._FLFP_-999._999._Ass_1._1._Year_1._1.                            
 108,          0.08933718,          0.13366000,       3448.27586207,          0.04432282,    694,ItoF     _Age_51._75._Mar_-999._999._Fem_0._0._Kid_-999._999._Edu_-999._999._XP_-999._999._FXP_-999._999._Coh_-999._999._LFP_-999._999._FLFP_-999._999._Ass_1._1._Year_0._0.                            
 109,          0.58789625,          0.64356000,       1754.38596491,          0.05566375,    694,ItoI     _Age_51._75._Mar_-999._999._Fem_0._0._Kid_-999._999._Edu_-999._999._XP_-999._999._FXP_-999._999._Coh_-999._999._LFP_-999._999._FLFP_-999._999._Ass_1._1._Year_0._0.                            
 110,          0.32276657,          0.22277000,       2325.58139535,         -0.09999657,    694,ItoH     _Age_51._75._Mar_-999._999._Fem_0._0._Kid_-999._999._Edu_-999._999._XP_-999._999._FXP_-999._999._Coh_-999._999._LFP_-999._999._FLFP_-999._999._Ass_1._1._Year_0._0.                            
 111,          0.05797101,          0.06335000,       7692.30769231,          0.00537899,    621,HtoF     _Age_51._75._Mar_-999._999._Fem_0._0._Kid_-999._999._Edu_-999._999._XP_-999._999._FXP_-999._999._Coh_-999._999._LFP_-999._999._FLFP_-999._999._Ass_0._0._Year_-999._999.                       
 112,          0.25120773,          0.15158000,       3448.27586207,         -0.09962773,    621,HtoI     _Age_51._75._Mar_-999._999._Fem_0._0._Kid_-999._999._Edu_-999._999._XP_-999._999._FXP_-999._999._Coh_-999._999._LFP_-999._999._FLFP_-999._999._Ass_0._0._Year_-999._999.                       
 113,          0.69082126,          0.78507000,       2631.57894737,          0.09424874,    621,HtoH     _Age_51._75._Mar_-999._999._Fem_0._0._Kid_-999._999._Edu_-999._999._XP_-999._999._FXP_-999._999._Coh_-999._999._LFP_-999._999._FLFP_-999._999._Ass_0._0._Year_-999._999.                       
 114,          0.10050251,          0.08952000,      25000.00000000,         -0.01098251,   5572,Earning_Bins     _Age_51._75._Mar_-999._999._Fem_0._0._Kid_-999._999._Edu_-999._999._XP_-999._999._FXP_-999._999._Coh_-999._999._LFP_1._999._FLFP_1._1._Ass_-999._999._Year_-999._999.                  
 115,          0.28750897,          0.29415000,      10000.00000000,          0.00664103,   5572,Earning_Bins     _Age_51._75._Mar_-999._999._Fem_0._0._Kid_-999._999._Edu_-999._999._XP_-999._999._FXP_-999._999._Coh_-999._999._LFP_1._999._FLFP_1._1._Ass_-999._999._Year_-999._999.                  
 116,          0.24210337,          0.26709000,      10000.00000000,          0.02498663,   5572,Earning_Bins     _Age_51._75._Mar_-999._999._Fem_0._0._Kid_-999._999._Edu_-999._999._XP_-999._999._FXP_-999._999._Coh_-999._999._LFP_1._999._FLFP_1._1._Ass_-999._999._Year_-999._999.                  
 117,          0.13944724,          0.12346000,      20000.00000000,         -0.01598724,   5572,Earning_Bins     _Age_51._75._Mar_-999._999._Fem_0._0._Kid_-999._999._Edu_-999._999._XP_-999._999._FXP_-999._999._Coh_-999._999._LFP_1._999._FLFP_1._1._Ass_-999._999._Year_-999._999.                  
 118,          0.06963388,          0.06296000,      33333.33333333,         -0.00667388,   5572,Earning_Bins     _Age_51._75._Mar_-999._999._Fem_0._0._Kid_-999._999._Edu_-999._999._XP_-999._999._FXP_-999._999._Coh_-999._999._LFP_1._999._FLFP_1._1._Ass_-999._999._Year_-999._999.                  
 119,          0.16080402,          0.16281000,      14285.71428571,          0.00200598,   5572,Earning_Bins     _Age_51._75._Mar_-999._999._Fem_0._0._Kid_-999._999._Edu_-999._999._XP_-999._999._FXP_-999._999._Coh_-999._999._LFP_1._999._FLFP_1._1._Ass_-999._999._Year_-999._999.                  
 120,          0.30255130,          0.32387000,       8333.33333333,          0.02131870,   3606,Earning_Bins     _Age_51._75._Mar_-999._999._Fem_0._0._Kid_-999._999._Edu_-999._999._XP_-999._999._FXP_-999._999._Coh_-999._999._LFP_1._999._FLFP_0._0._Ass_-999._999._Year_-999._999.                  
 121,          0.29672768,          0.28659000,       9090.90909091,         -0.01013768,   3606,Earning_Bins     _Age_51._75._Mar_-999._999._Fem_0._0._Kid_-999._999._Edu_-999._999._XP_-999._999._FXP_-999._999._Coh_-999._999._LFP_1._999._FLFP_0._0._Ass_-999._999._Year_-999._999.                  
 122,          0.15058236,          0.18308000,      12500.00000000,          0.03249764,   3606,Earning_Bins     _Age_51._75._Mar_-999._999._Fem_0._0._Kid_-999._999._Edu_-999._999._XP_-999._999._FXP_-999._999._Coh_-999._999._LFP_1._999._FLFP_0._0._Ass_-999._999._Year_-999._999.                  
 123,          0.08374931,          0.09794000,      20000.00000000,          0.01419069,   3606,Earning_Bins     _Age_51._75._Mar_-999._999._Fem_0._0._Kid_-999._999._Edu_-999._999._XP_-999._999._FXP_-999._999._Coh_-999._999._LFP_1._999._FLFP_0._0._Ass_-999._999._Year_-999._999.                  
 124,          0.04326123,          0.03673000,      50000.00000000,         -0.00653123,   3606,Earning_Bins     _Age_51._75._Mar_-999._999._Fem_0._0._Kid_-999._999._Edu_-999._999._XP_-999._999._FXP_-999._999._Coh_-999._999._LFP_1._999._FLFP_0._0._Ass_-999._999._Year_-999._999.                  
 125,          0.12312812,          0.07179000,      25000.00000000,         -0.05133812,   3606,Earning_Bins     _Age_51._75._Mar_-999._999._Fem_0._0._Kid_-999._999._Edu_-999._999._XP_-999._999._FXP_-999._999._Coh_-999._999._LFP_1._999._FLFP_0._0._Ass_-999._999._Year_-999._999.                  
 126,          0.15193165,          0.14210000,       9090.90909091,         -0.00983165,   2692,Earning_Bins     _Age_51._75._Mar_-999._999._Fem_1._1._Kid_-999._999._Edu_-999._999._XP_-999._999._FXP_-999._999._Coh_-999._999._LFP_1._999._FLFP_1._1._Ass_-999._999._Year_-999._999.                  
 127,          0.23736999,          0.34245000,       5000.00000000,          0.10508001,   2692,Earning_Bins     _Age_51._75._Mar_-999._999._Fem_1._1._Kid_-999._999._Edu_-999._999._XP_-999._999._FXP_-999._999._Coh_-999._999._LFP_1._999._FLFP_1._1._Ass_-999._999._Year_-999._999.                  
 128,          0.15118871,          0.18094000,       7692.30769231,          0.02975129,   2692,Earning_Bins     _Age_51._75._Mar_-999._999._Fem_1._1._Kid_-999._999._Edu_-999._999._XP_-999._999._FXP_-999._999._Coh_-999._999._LFP_1._999._FLFP_1._1._Ass_-999._999._Year_-999._999.                  
 129,          0.11329866,          0.08208000,      14285.71428571,         -0.03121866,   2692,Earning_Bins     _Age_51._75._Mar_-999._999._Fem_1._1._Kid_-999._999._Edu_-999._999._XP_-999._999._FXP_-999._999._Coh_-999._999._LFP_1._999._FLFP_1._1._Ass_-999._999._Year_-999._999.                  
 130,          0.07986627,          0.04413000,      25000.00000000,         -0.03573627,   2692,Earning_Bins     _Age_51._75._Mar_-999._999._Fem_1._1._Kid_-999._999._Edu_-999._999._XP_-999._999._FXP_-999._999._Coh_-999._999._LFP_1._999._FLFP_1._1._Ass_-999._999._Year_-999._999.                  
 131,          0.26634473,          0.20830000,       6666.66666667,         -0.05804473,   2692,Earning_Bins     _Age_51._75._Mar_-999._999._Fem_1._1._Kid_-999._999._Edu_-999._999._XP_-999._999._FXP_-999._999._Coh_-999._999._LFP_1._999._FLFP_1._1._Ass_-999._999._Year_-999._999.                  
 132,          0.64373559,          0.56940000,       4000.00000000,         -0.07433559,   2602,Earning_Bins     _Age_51._75._Mar_-999._999._Fem_1._1._Kid_-999._999._Edu_-999._999._XP_-999._999._FXP_-999._999._Coh_-999._999._LFP_1._999._FLFP_0._0._Ass_-999._999._Year_-999._999.                  
 133,          0.19907763,          0.24215000,       5263.15789474,          0.04307237,   2602,Earning_Bins     _Age_51._75._Mar_-999._999._Fem_1._1._Kid_-999._999._Edu_-999._999._XP_-999._999._FXP_-999._999._Coh_-999._999._LFP_1._999._FLFP_0._0._Ass_-999._999._Year_-999._999.                  
 134,          0.06264412,          0.08308000,      12500.00000000,          0.02043588,   2602,Earning_Bins     _Age_51._75._Mar_-999._999._Fem_1._1._Kid_-999._999._Edu_-999._999._XP_-999._999._FXP_-999._999._Coh_-999._999._LFP_1._999._FLFP_0._0._Ass_-999._999._Year_-999._999.                  
 135,          0.04227517,          0.04863000,      20000.00000000,          0.00635483,   2602,Earning_Bins     _Age_51._75._Mar_-999._999._Fem_1._1._Kid_-999._999._Edu_-999._999._XP_-999._999._FXP_-999._999._Coh_-999._999._LFP_1._999._FLFP_0._0._Ass_-999._999._Year_-999._999.                  
 136,          0.01806303,          0.01114000,     100000.00000000,         -0.00692303,   2602,Earning_Bins     _Age_51._75._Mar_-999._999._Fem_1._1._Kid_-999._999._Edu_-999._999._XP_-999._999._FXP_-999._999._Coh_-999._999._LFP_1._999._FLFP_0._0._Ass_-999._999._Year_-999._999.                  
 137,          0.03420446,          0.04559000,      25000.00000000,          0.01138554,   2602,Earning_Bins     _Age_51._75._Mar_-999._999._Fem_1._1._Kid_-999._999._Edu_-999._999._XP_-999._999._FXP_-999._999._Coh_-999._999._LFP_1._999._FLFP_0._0._Ass_-999._999._Year_-999._999.                  
 138,          0.08840864,          0.07268000,       5882.35294118,         -0.01572864,   1527,Earning_Bins     _Age_51._75._Mar_-999._999._Fem_0._0._Kid_-999._999._Edu_8._11._XP_-999._999._FXP_-999._999._Coh_-999._999._LFP_1._999._FLFP_1._1._Ass_-999._999._Year_-999._999.                      
 139,          0.21676490,          0.26566000,       2040.81632653,          0.04889510,   1527,Earning_Bins     _Age_51._75._Mar_-999._999._Fem_0._0._Kid_-999._999._Edu_8._11._XP_-999._999._FXP_-999._999._Coh_-999._999._LFP_1._999._FLFP_1._1._Ass_-999._999._Year_-999._999.                      
 140,          0.25474787,          0.30827000,       1886.79245283,          0.05352213,   1527,Earning_Bins     _Age_51._75._Mar_-999._999._Fem_0._0._Kid_-999._999._Edu_8._11._XP_-999._999._FXP_-999._999._Coh_-999._999._LFP_1._999._FLFP_1._1._Ass_-999._999._Year_-999._999.                      
 141,          0.14341847,          0.16291000,       2941.17647059,          0.01949153,   1527,Earning_Bins     _Age_51._75._Mar_-999._999._Fem_0._0._Kid_-999._999._Edu_8._11._XP_-999._999._FXP_-999._999._Coh_-999._999._LFP_1._999._FLFP_1._1._Ass_-999._999._Year_-999._999.                      
 142,          0.09626719,          0.06015000,       7142.85714286,         -0.03611719,   1527,Earning_Bins     _Age_51._75._Mar_-999._999._Fem_0._0._Kid_-999._999._Edu_8._11._XP_-999._999._FXP_-999._999._Coh_-999._999._LFP_1._999._FLFP_1._1._Ass_-999._999._Year_-999._999.                      
 143,          0.20039293,          0.13033000,       3571.42857143,         -0.07006293,   1527,Earning_Bins     _Age_51._75._Mar_-999._999._Fem_0._0._Kid_-999._999._Edu_8._11._XP_-999._999._FXP_-999._999._Coh_-999._999._LFP_1._999._FLFP_1._1._Ass_-999._999._Year_-999._999.                      
 144,          0.14386460,          0.24598000,       2325.58139535,          0.10211540,    709,Earning_Bins     _Age_51._75._Mar_-999._999._Fem_0._0._Kid_-999._999._Edu_8._11._XP_-999._999._FXP_-999._999._Coh_-999._999._LFP_1._999._FLFP_0._0._Ass_-999._999._Year_-999._999.                      
 145,          0.29619182,          0.25057000,       2325.58139535,         -0.04562182,    709,Earning_Bins     _Age_51._75._Mar_-999._999._Fem_0._0._Kid_-999._999._Edu_8._11._XP_-999._999._FXP_-999._999._Coh_-999._999._LFP_1._999._FLFP_0._0._Ass_-999._999._Year_-999._999.                      
 146,          0.21438646,          0.25747000,       2272.72727273,          0.04308354,    709,Earning_Bins     _Age_51._75._Mar_-999._999._Fem_0._0._Kid_-999._999._Edu_8._11._XP_-999._999._FXP_-999._999._Coh_-999._999._LFP_1._999._FLFP_0._0._Ass_-999._999._Year_-999._999.                      
 147,          0.12411848,          0.14483000,       3571.42857143,          0.02071152,    709,Earning_Bins     _Age_51._75._Mar_-999._999._Fem_0._0._Kid_-999._999._Edu_8._11._XP_-999._999._FXP_-999._999._Coh_-999._999._LFP_1._999._FLFP_0._0._Ass_-999._999._Year_-999._999.                      
 148,          0.06770099,          0.03448000,      12500.00000000,         -0.03322099,    709,Earning_Bins     _Age_51._75._Mar_-999._999._Fem_0._0._Kid_-999._999._Edu_8._11._XP_-999._999._FXP_-999._999._Coh_-999._999._LFP_1._999._FLFP_0._0._Ass_-999._999._Year_-999._999.                      
 149,          0.15373766,          0.06667000,       7142.85714286,         -0.08706766,    709,Earning_Bins     _Age_51._75._Mar_-999._999._Fem_0._0._Kid_-999._999._Edu_8._11._XP_-999._999._FXP_-999._999._Coh_-999._999._LFP_1._999._FLFP_0._0._Ass_-999._999._Year_-999._999.                      
 150,          0.11737089,          0.09910000,       3703.70370370,         -0.01827089,    639,Earning_Bins     _Age_51._75._Mar_-999._999._Fem_1._1._Kid_-999._999._Edu_12._15._XP_-999._999._FXP_-999._999._Coh_-999._999._LFP_1._999._FLFP_1._1._Ass_-999._999._Year_-999._999.                     
 151,          0.18622848,          0.17117000,       2325.58139535,         -0.01505848,    639,Earning_Bins     _Age_51._75._Mar_-999._999._Fem_1._1._Kid_-999._999._Edu_12._15._XP_-999._999._FXP_-999._999._Coh_-999._999._LFP_1._999._FLFP_1._1._Ass_-999._999._Year_-999._999.                     
 152,          0.13615023,          0.22222000,       1923.07692308,          0.08606977,    639,Earning_Bins     _Age_51._75._Mar_-999._999._Fem_1._1._Kid_-999._999._Edu_12._15._XP_-999._999._FXP_-999._999._Coh_-999._999._LFP_1._999._FLFP_1._1._Ass_-999._999._Year_-999._999.                     
 153,          0.09702660,          0.14114000,       2777.77777778,          0.04411340,    639,Earning_Bins     _Age_51._75._Mar_-999._999._Fem_1._1._Kid_-999._999._Edu_12._15._XP_-999._999._FXP_-999._999._Coh_-999._999._LFP_1._999._FLFP_1._1._Ass_-999._999._Year_-999._999.                     
 154,          0.07511737,          0.07808000,       4545.45454545,          0.00296263,    639,Earning_Bins     _Age_51._75._Mar_-999._999._Fem_1._1._Kid_-999._999._Edu_12._15._XP_-999._999._FXP_-999._999._Coh_-999._999._LFP_1._999._FLFP_1._1._Ass_-999._999._Year_-999._999.                     
 155,          0.38810642,          0.28829000,       1612.90322581,         -0.09981642,    639,Earning_Bins     _Age_51._75._Mar_-999._999._Fem_1._1._Kid_-999._999._Edu_12._15._XP_-999._999._FXP_-999._999._Coh_-999._999._LFP_1._999._FLFP_1._1._Ass_-999._999._Year_-999._999.                     
 156,          0.40196078,          0.39267000,        800.00000000,         -0.00929078,    204,Earning_Bins     _Age_51._75._Mar_-999._999._Fem_1._1._Kid_-999._999._Edu_12._15._XP_-999._999._FXP_-999._999._Coh_-999._999._LFP_1._999._FLFP_0._0._Ass_-999._999._Year_-999._999.                     
 157,          0.22058824,          0.21990000,       1111.11111111,         -0.00068824,    204,Earning_Bins     _Age_51._75._Mar_-999._999._Fem_1._1._Kid_-999._999._Edu_12._15._XP_-999._999._FXP_-999._999._Coh_-999._999._LFP_1._999._FLFP_0._0._Ass_-999._999._Year_-999._999.                     
 158,          0.12254902,          0.16230000,       1408.45070423,          0.03975098,    204,Earning_Bins     _Age_51._75._Mar_-999._999._Fem_1._1._Kid_-999._999._Edu_12._15._XP_-999._999._FXP_-999._999._Coh_-999._999._LFP_1._999._FLFP_0._0._Ass_-999._999._Year_-999._999.                     
 159,          0.09313725,          0.09424000,       2222.22222222,          0.00110275,    204,Earning_Bins     _Age_51._75._Mar_-999._999._Fem_1._1._Kid_-999._999._Edu_12._15._XP_-999._999._FXP_-999._999._Coh_-999._999._LFP_1._999._FLFP_0._0._Ass_-999._999._Year_-999._999.                     
 160,          0.05392157,          0.02094000,       9090.90909091,         -0.03298157,    204,Earning_Bins     _Age_51._75._Mar_-999._999._Fem_1._1._Kid_-999._999._Edu_12._15._XP_-999._999._FXP_-999._999._Coh_-999._999._LFP_1._999._FLFP_0._0._Ass_-999._999._Year_-999._999.                     
 161,          0.10784314,          0.10995000,       1960.78431373,          0.00210686,    204,Earning_Bins     _Age_51._75._Mar_-999._999._Fem_1._1._Kid_-999._999._Edu_12._15._XP_-999._999._FXP_-999._999._Coh_-999._999._LFP_1._999._FLFP_0._0._Ass_-999._999._Year_-999._999.                     
 162,          0.41379310,          0.24324000,        401.60642570,         -0.17055310,     87,ItoF<-0.5     _Age_51._75._Mar_-999._999._Fem_-999._999._Kid_-999._999._Edu_-999._999._XP_-999._999._FXP_-999._999._Coh_-999._999._LFP_1._999._FLFP_1._1._Ass_1._1._Year_0._0.                          
 163,          0.12643678,          0.16216000,        543.47826087,          0.03572322,     87,ItoF<0     _Age_51._75._Mar_-999._999._Fem_-999._999._Kid_-999._999._Edu_-999._999._XP_-999._999._FXP_-999._999._Coh_-999._999._LFP_1._999._FLFP_1._1._Ass_1._1._Year_0._0.                             
 164,          0.09195402,          0.13514000,        632.91139241,          0.04318598,     87,ItoF<0.25     _Age_51._75._Mar_-999._999._Fem_-999._999._Kid_-999._999._Edu_-999._999._XP_-999._999._FXP_-999._999._Coh_-999._999._LFP_1._999._FLFP_1._1._Ass_1._1._Year_0._0.                          
 165,          0.06896552,          0.08108000,        990.09900990,          0.01211448,     87,ItoF<0.5     _Age_51._75._Mar_-999._999._Fem_-999._999._Kid_-999._999._Edu_-999._999._XP_-999._999._FXP_-999._999._Coh_-999._999._LFP_1._999._FLFP_1._1._Ass_1._1._Year_0._0.                           
 166,          0.02298851,          0.10811000,        769.23076923,          0.08512149,     87,ItoF<0.75     _Age_51._75._Mar_-999._999._Fem_-999._999._Kid_-999._999._Edu_-999._999._XP_-999._999._FXP_-999._999._Coh_-999._999._LFP_1._999._FLFP_1._1._Ass_1._1._Year_0._0.                          
 167,          0.04597701,          0.05405000,       1449.27536232,          0.00807299,     87,ItoF<1     _Age_51._75._Mar_-999._999._Fem_-999._999._Kid_-999._999._Edu_-999._999._XP_-999._999._FXP_-999._999._Coh_-999._999._LFP_1._999._FLFP_1._1._Ass_1._1._Year_0._0.                             
 168,          0.22988506,          0.21622000,        436.68122271,         -0.01366506,     87,ItoF>1     _Age_51._75._Mar_-999._999._Fem_-999._999._Kid_-999._999._Edu_-999._999._XP_-999._999._FXP_-999._999._Coh_-999._999._LFP_1._999._FLFP_1._1._Ass_1._1._Year_0._0.                             
 169,          0.50000000,          0.32836000,        303.95136778,         -0.17164000,    190,FtoI<-0.5     _Age_51._75._Mar_-999._999._Fem_-999._999._Kid_-999._999._Edu_-999._999._XP_-999._999._FXP_-999._999._Coh_-999._999._LFP_1._999._FLFP_0._0._Ass_1._1._Year_1._1.                          
 170,          0.12631579,          0.29851000,        319.48881789,          0.17219421,    190,FtoI<0     _Age_51._75._Mar_-999._999._Fem_-999._999._Kid_-999._999._Edu_-999._999._XP_-999._999._FXP_-999._999._Coh_-999._999._LFP_1._999._FLFP_0._0._Ass_1._1._Year_1._1.                             
 171,          0.06315789,          0.14925000,        526.31578947,          0.08609211,    190,FtoI<0.25     _Age_51._75._Mar_-999._999._Fem_-999._999._Kid_-999._999._Edu_-999._999._XP_-999._999._FXP_-999._999._Coh_-999._999._LFP_1._999._FLFP_0._0._Ass_1._1._Year_1._1.                          
 172,          0.05789474,          0.02985000,       2325.58139535,         -0.02804474,    190,FtoI<0.5     _Age_51._75._Mar_-999._999._Fem_-999._999._Kid_-999._999._Edu_-999._999._XP_-999._999._FXP_-999._999._Coh_-999._999._LFP_1._999._FLFP_0._0._Ass_1._1._Year_1._1.                           
 173,          0.04210526,          0.08955000,        819.67213115,          0.04744474,    190,FtoI<0.75     _Age_51._75._Mar_-999._999._Fem_-999._999._Kid_-999._999._Edu_-999._999._XP_-999._999._FXP_-999._999._Coh_-999._999._LFP_1._999._FLFP_0._0._Ass_1._1._Year_1._1.                          
 174,          0.04210526,          0.02985000,       2325.58139535,         -0.01225526,    190,FtoI<1     _Age_51._75._Mar_-999._999._Fem_-999._999._Kid_-999._999._Edu_-999._999._XP_-999._999._FXP_-999._999._Coh_-999._999._LFP_1._999._FLFP_0._0._Ass_1._1._Year_1._1.                             
 175,          0.16842105,          0.07463000,        970.87378641,         -0.09379105,    190,FtoI>1     _Age_51._75._Mar_-999._999._Fem_-999._999._Kid_-999._999._Edu_-999._999._XP_-999._999._FXP_-999._999._Coh_-999._999._LFP_1._999._FLFP_0._0._Ass_1._1._Year_1._1.                             
 176,          0.28470754,          0.15400000,       4000.00000000,         -0.13070754,   1419,FtoF<-0.5     _Age_51._75._Mar_-999._999._Fem_-999._999._Kid_-999._999._Edu_-999._999._XP_-999._999._FXP_-999._999._Coh_-999._999._LFP_1._999._FLFP_1._1._Ass_1._1._Year_1._1.                          
 177,          0.33897111,          0.28460000,       2500.00000000,         -0.05437111,   1419,FtoF<0     _Age_51._75._Mar_-999._999._Fem_-999._999._Kid_-999._999._Edu_-999._999._XP_-999._999._FXP_-999._999._Coh_-999._999._LFP_1._999._FLFP_1._1._Ass_1._1._Year_1._1.                             
 178,          0.14869626,          0.14815000,       4000.00000000,         -0.00054626,   1419,FtoF<0.25     _Age_51._75._Mar_-999._999._Fem_-999._999._Kid_-999._999._Edu_-999._999._XP_-999._999._FXP_-999._999._Coh_-999._999._LFP_1._999._FLFP_1._1._Ass_1._1._Year_1._1.                          
 179,          0.05990134,          0.11111000,       5263.15789474,          0.05120866,   1419,FtoF<0.5     _Age_51._75._Mar_-999._999._Fem_-999._999._Kid_-999._999._Edu_-999._999._XP_-999._999._FXP_-999._999._Coh_-999._999._LFP_1._999._FLFP_1._1._Ass_1._1._Year_1._1.                           
 180,          0.03594080,          0.07212000,       7692.30769231,          0.03617920,   1419,FtoF<0.75     _Age_51._75._Mar_-999._999._Fem_-999._999._Kid_-999._999._Edu_-999._999._XP_-999._999._FXP_-999._999._Coh_-999._999._LFP_1._999._FLFP_1._1._Ass_1._1._Year_1._1.                          
 181,          0.02255109,          0.03314000,      16666.66666667,          0.01058891,   1419,FtoF<1     _Age_51._75._Mar_-999._999._Fem_-999._999._Kid_-999._999._Edu_-999._999._XP_-999._999._FXP_-999._999._Coh_-999._999._LFP_1._999._FLFP_1._1._Ass_1._1._Year_1._1.                             
 182,          0.10923185,          0.19688000,       3225.80645161,          0.08764815,   1419,FtoF>1     _Age_51._75._Mar_-999._999._Fem_-999._999._Kid_-999._999._Edu_-999._999._XP_-999._999._FXP_-999._999._Coh_-999._999._LFP_1._999._FLFP_1._1._Ass_1._1._Year_1._1.                             
 183,          0.26583851,          0.22126000,       2000.00000000,         -0.04457851,    805,ItoI<-0.5     _Age_51._75._Mar_-999._999._Fem_-999._999._Kid_-999._999._Edu_-999._999._XP_-999._999._FXP_-999._999._Coh_-999._999._LFP_1._999._FLFP_0._0._Ass_1._1._Year_0._0.                          
 184,          0.20621118,          0.34483000,       1538.46153846,          0.13861882,    805,ItoI<0     _Age_51._75._Mar_-999._999._Fem_-999._999._Kid_-999._999._Edu_-999._999._XP_-999._999._FXP_-999._999._Coh_-999._999._LFP_1._999._FLFP_0._0._Ass_1._1._Year_0._0.                             
 185,          0.13788820,          0.11494000,       3448.27586207,         -0.02294820,    805,ItoI<0.25     _Age_51._75._Mar_-999._999._Fem_-999._999._Kid_-999._999._Edu_-999._999._XP_-999._999._FXP_-999._999._Coh_-999._999._LFP_1._999._FLFP_0._0._Ass_1._1._Year_0._0.                          
 186,          0.08322981,          0.10345000,       3703.70370370,          0.02022019,    805,ItoI<0.5     _Age_51._75._Mar_-999._999._Fem_-999._999._Kid_-999._999._Edu_-999._999._XP_-999._999._FXP_-999._999._Coh_-999._999._LFP_1._999._FLFP_0._0._Ass_1._1._Year_0._0.                           
 187,          0.06583851,          0.02874000,      12500.00000000,         -0.03709851,    805,ItoI<0.75     _Age_51._75._Mar_-999._999._Fem_-999._999._Kid_-999._999._Edu_-999._999._XP_-999._999._FXP_-999._999._Coh_-999._999._LFP_1._999._FLFP_0._0._Ass_1._1._Year_0._0.                          
 188,          0.05341615,          0.01724000,      20000.00000000,         -0.03617615,    805,ItoI<1     _Age_51._75._Mar_-999._999._Fem_-999._999._Kid_-999._999._Edu_-999._999._XP_-999._999._FXP_-999._999._Coh_-999._999._LFP_1._999._FLFP_0._0._Ass_1._1._Year_0._0.                             
 189,          0.18757764,          0.16954000,       2500.00000000,         -0.01803764,    805,ItoI>1     _Age_51._75._Mar_-999._999._Fem_-999._999._Kid_-999._999._Edu_-999._999._XP_-999._999._FXP_-999._999._Coh_-999._999._LFP_1._999._FLFP_0._0._Ass_1._1._Year_0._0.                             
 190,          2.95434400,          1.91091000,          1.69213327,         -1.04343400,    506,Earnings     _Age_51._75._Mar_-999._999._Fem_0._0._Kid_-999._999._Edu_0._7._XP_0._25._FXP_-999._999._Coh_-999._999._LFP_1._999._FLFP_1._1._Ass_-999._999._Year_-999._999.                               
 191,          2.15822298,          2.34990000,          0.43026853,          0.19167702,   2374,Earnings     _Age_51._75._Mar_-999._999._Fem_0._0._Kid_-999._999._Edu_0._7._XP_26._999._FXP_-999._999._Coh_-999._999._LFP_1._999._FLFP_1._1._Ass_-999._999._Year_-999._999.                             
 192,          3.70402672,          2.52892000,          0.51629158,         -1.17510672,    186,Earnings     _Age_51._75._Mar_-999._999._Fem_0._0._Kid_-999._999._Edu_8._11._XP_0._25._FXP_-999._999._Coh_-999._999._LFP_1._999._FLFP_1._1._Ass_-999._999._Year_-999._999.                              
 193,          3.28052262,          3.18314000,          0.25472969,         -0.09738262,   1341,Earnings     _Age_51._75._Mar_-999._999._Fem_0._0._Kid_-999._999._Edu_8._11._XP_26._999._FXP_-999._999._Coh_-999._999._LFP_1._999._FLFP_1._1._Ass_-999._999._Year_-999._999.                            
 194,          8.14060622,          4.10937000,          0.07478117,         -4.03123622,     46,Earnings     _Age_51._75._Mar_-999._999._Fem_0._0._Kid_-999._999._Edu_12._15._XP_0._25._FXP_-999._999._Coh_-999._999._LFP_1._999._FLFP_1._1._Ass_-999._999._Year_-999._999.                             
 195,          4.51043758,          4.95831000,          0.08342447,          0.44787242,    922,Earnings     _Age_51._75._Mar_-999._999._Fem_0._0._Kid_-999._999._Edu_12._15._XP_26._999._FXP_-999._999._Coh_-999._999._LFP_1._999._FLFP_1._1._Ass_-999._999._Year_-999._999.                           
 196,          6.50988457,         10.83854000,          0.03550487,          4.32865543,    193,Earnings     _Age_51._75._Mar_-999._999._Fem_0._0._Kid_-999._999._Edu_16._999._XP_0._999._FXP_-999._999._Coh_-999._999._LFP_1._999._FLFP_1._1._Ass_-999._999._Year_-999._999.                           
 197,          6.50988457,         10.83854000,          0.03550487,          4.32865543,    193,Earnings     _Age_51._75._Mar_-999._999._Fem_0._0._Kid_-999._999._Edu_16._999._XP_0._999._FXP_-999._999._Coh_-999._999._LFP_1._999._FLFP_1._1._Ass_-999._999._Year_-999._999.                           
 198,          1.65012796,          1.01517000,          1.71553070,         -0.63495796,    563,Earnings     _Age_51._75._Mar_-999._999._Fem_0._0._Kid_-999._999._Edu_0._7._XP_0._25._FXP_-999._999._Coh_-999._999._LFP_1._999._FLFP_0._0._Ass_-999._999._Year_-999._999.                               
 199,          1.87638159,          1.66314000,          0.62379919,         -0.21324159,   1864,Earnings     _Age_51._75._Mar_-999._999._Fem_0._0._Kid_-999._999._Edu_0._7._XP_26._999._FXP_-999._999._Coh_-999._999._LFP_1._999._FLFP_0._0._Ass_-999._999._Year_-999._999.                             
 200,          2.63184033,          1.84762000,          0.67941706,         -0.78422033,     90,Earnings     _Age_51._75._Mar_-999._999._Fem_0._0._Kid_-999._999._Edu_8._11._XP_0._25._FXP_-999._999._Coh_-999._999._LFP_1._999._FLFP_0._0._Ass_-999._999._Year_-999._999.                              
 201,          3.07875878,          2.45455000,          0.37588474,         -0.62420878,    619,Earnings     _Age_51._75._Mar_-999._999._Fem_0._0._Kid_-999._999._Edu_8._11._XP_26._999._FXP_-999._999._Coh_-999._999._LFP_1._999._FLFP_0._0._Ass_-999._999._Year_-999._999.                            
 202,          5.18939072,          5.84465000,          0.01746463,          0.65525928,     50,Earnings     _Age_51._75._Mar_-999._999._Fem_0._0._Kid_-999._999._Edu_12._15._XP_0._25._FXP_-999._999._Coh_-999._999._LFP_1._999._FLFP_0._0._Ass_-999._999._Year_-999._999.                             
 203,          5.25286505,          3.83429000,          0.09104466,         -1.41857505,    339,Earnings     _Age_51._75._Mar_-999._999._Fem_0._0._Kid_-999._999._Edu_12._15._XP_26._999._FXP_-999._999._Coh_-999._999._LFP_1._999._FLFP_0._0._Ass_-999._999._Year_-999._999.                           
 204,          6.86358366,          8.37335000,          0.02329453,          1.50976634,     79,Earnings     _Age_51._75._Mar_-999._999._Fem_0._0._Kid_-999._999._Edu_16._999._XP_0._999._FXP_-999._999._Coh_-999._999._LFP_1._999._FLFP_0._0._Ass_-999._999._Year_-999._999.                           
 205,          6.86358366,          8.37335000,          0.02329453,          1.50976634,     79,Earnings     _Age_51._75._Mar_-999._999._Fem_0._0._Kid_-999._999._Edu_16._999._XP_0._999._FXP_-999._999._Coh_-999._999._LFP_1._999._FLFP_0._0._Ass_-999._999._Year_-999._999.                           
 206,          2.78997015,          1.48687000,          3.46632466,         -1.30310015,    350,Earnings     _Age_51._75._Mar_-999._999._Fem_1._1._Kid_-999._999._Edu_0._7._XP_0._15._FXP_-999._999._Coh_-999._999._LFP_1._999._FLFP_1._1._Ass_-999._999._Year_-999._999.                               
 207,          3.44101476,          1.41922000,          2.50331689,         -2.02179476,   1023,Earnings     _Age_51._75._Mar_-999._999._Fem_1._1._Kid_-999._999._Edu_0._7._XP_16._999._FXP_-999._999._Coh_-999._999._LFP_1._999._FLFP_1._1._Ass_-999._999._Year_-999._999.                             
 208,          3.47517089,          1.54893000,          1.93057647,         -1.92624089,    196,Earnings     _Age_51._75._Mar_-999._999._Fem_1._1._Kid_-999._999._Edu_8._11._XP_0._15._FXP_-999._999._Coh_-999._999._LFP_1._999._FLFP_1._1._Ass_-999._999._Year_-999._999.                              
 209,          4.73415342,          2.15619000,          0.91697691,         -2.57796342,    273,Earnings     _Age_51._75._Mar_-999._999._Fem_1._1._Kid_-999._999._Edu_8._11._XP_16._999._FXP_-999._999._Coh_-999._999._LFP_1._999._FLFP_1._1._Ass_-999._999._Year_-999._999.                            
 210,          3.54611420,          2.95263000,          0.31032867,         -0.59348420,    185,Earnings     _Age_51._75._Mar_-999._999._Fem_1._1._Kid_-999._999._Edu_12._15._XP_0._15._FXP_-999._999._Coh_-999._999._LFP_1._999._FLFP_1._1._Ass_-999._999._Year_-999._999.                             
 211,          6.13259769,          4.12996000,          0.18202370,         -2.00263769,    454,Earnings     _Age_51._75._Mar_-999._999._Fem_1._1._Kid_-999._999._Edu_12._15._XP_16._999._FXP_-999._999._Coh_-999._999._LFP_1._999._FLFP_1._1._Ass_-999._999._Year_-999._999.                           
 212,          6.91331162,          7.36207000,          0.11009118,          0.44875838,    211,Earnings     _Age_51._75._Mar_-999._999._Fem_1._1._Kid_-999._999._Edu_16._999._XP_0._999._FXP_-999._999._Coh_-999._999._LFP_1._999._FLFP_1._1._Ass_-999._999._Year_-999._999.                           
 213,          6.91331162,          7.36207000,          0.11009118,          0.44875838,    211,Earnings     _Age_51._75._Mar_-999._999._Fem_1._1._Kid_-999._999._Edu_16._999._XP_0._999._FXP_-999._999._Coh_-999._999._LFP_1._999._FLFP_1._1._Ass_-999._999._Year_-999._999.                           
 214,          0.78506235,          0.85067000,          1.76345072,          0.06560765,   1005,Earnings     _Age_51._75._Mar_-999._999._Fem_1._1._Kid_-999._999._Edu_0._7._XP_0._15._FXP_-999._999._Coh_-999._999._LFP_1._999._FLFP_0._0._Ass_-999._999._Year_-999._999.                               
 215,          0.95133302,          1.14562000,          1.07551167,          0.19428698,    930,Earnings     _Age_51._75._Mar_-999._999._Fem_1._1._Kid_-999._999._Edu_0._7._XP_16._999._FXP_-999._999._Coh_-999._999._LFP_1._999._FLFP_0._0._Ass_-999._999._Year_-999._999.                             
 216,          1.69514839,          1.55668000,          0.50618303,         -0.13846839,    192,Earnings     _Age_51._75._Mar_-999._999._Fem_1._1._Kid_-999._999._Edu_8._11._XP_0._15._FXP_-999._999._Coh_-999._999._LFP_1._999._FLFP_0._0._Ass_-999._999._Year_-999._999.                              
 217,          2.40840942,          1.38894000,          0.78654072,         -1.01946942,    224,Earnings     _Age_51._75._Mar_-999._999._Fem_1._1._Kid_-999._999._Edu_8._11._XP_16._999._FXP_-999._999._Coh_-999._999._LFP_1._999._FLFP_0._0._Ass_-999._999._Year_-999._999.                            
 218,          1.96725210,          1.18539000,          1.10492354,         -0.78186210,    110,Earnings     _Age_51._75._Mar_-999._999._Fem_1._1._Kid_-999._999._Edu_12._15._XP_0._15._FXP_-999._999._Coh_-999._999._LFP_1._999._FLFP_0._0._Ass_-999._999._Year_-999._999.                             
 219,          2.76688668,          3.20852000,          0.10193472,          0.44163332,     94,Earnings     _Age_51._75._Mar_-999._999._Fem_1._1._Kid_-999._999._Edu_12._15._XP_16._999._FXP_-999._999._Coh_-999._999._LFP_1._999._FLFP_0._0._Ass_-999._999._Year_-999._999.                           
 220,          2.35025132,          4.94657000,          0.06370551,          2.59631868,     47,Earnings     _Age_51._75._Mar_-999._999._Fem_1._1._Kid_-999._999._Edu_16._999._XP_0._999._FXP_-999._999._Coh_-999._999._LFP_1._999._FLFP_0._0._Ass_-999._999._Year_-999._999.                           
 221,          2.35025132,          4.94657000,          0.06370551,          2.59631868,     47,Earnings     _Age_51._75._Mar_-999._999._Fem_1._1._Kid_-999._999._Edu_16._999._XP_0._999._FXP_-999._999._Coh_-999._999._LFP_1._999._FLFP_0._0._Ass_-999._999._Year_-999._999.                           
 222,          3.18603076,          1.84851000,          2.76655785,         -1.33752076,    273,Earnings     _Age_51._75._Mar_-999._999._Fem_0._0._Kid_-999._999._Edu_0._11._XP_0._20._FXP_-999._999._Coh_-999._999._LFP_1._999._FLFP_1._1._Ass_-999._999._Year_-999._999.                              
 223,          3.21919380,          2.65400000,          0.22662427,         -0.56519380,   1490,Earnings     _Age_51._75._Mar_-999._999._Fem_0._0._Kid_-999._999._Edu_0._11._XP_20._30._FXP_-999._999._Coh_-999._999._LFP_1._999._FLFP_1._1._Ass_-999._999._Year_-999._999.                             
 224,          2.40938482,          2.56366000,          0.39258486,          0.15427518,   2136,Earnings     _Age_51._75._Mar_-999._999._Fem_0._0._Kid_-999._999._Edu_0._11._XP_30._40._FXP_-999._999._Coh_-999._999._LFP_1._999._FLFP_1._1._Ass_-999._999._Year_-999._999.                             
 225,          1.75948444,          2.46957000,          0.54593795,          0.71008556,    508,Earnings     _Age_51._75._Mar_-999._999._Fem_0._0._Kid_-999._999._Edu_0._11._XP_40._999._FXP_-999._999._Coh_-999._999._LFP_1._999._FLFP_1._1._Ass_-999._999._Year_-999._999.                            
 226,          3.98230677,          3.30621000,          0.13162606,         -0.67609677,     12,Earnings     _Age_51._75._Mar_-999._999._Fem_0._0._Kid_-999._999._Edu_12._999._XP_0._20._FXP_-999._999._Coh_-999._999._LFP_1._999._FLFP_1._1._Ass_-999._999._Year_-999._999.                            
 227,          6.55590431,          6.73929000,          0.03896331,          0.18338569,    371,Earnings     _Age_51._75._Mar_-999._999._Fem_0._0._Kid_-999._999._Edu_12._999._XP_20._30._FXP_-999._999._Coh_-999._999._LFP_1._999._FLFP_1._1._Ass_-999._999._Year_-999._999.                           
 228,          4.39219584,          6.02739000,          0.05006581,          1.63519416,    628,Earnings     _Age_51._75._Mar_-999._999._Fem_0._0._Kid_-999._999._Edu_12._999._XP_30._40._FXP_-999._999._Coh_-999._999._LFP_1._999._FLFP_1._1._Ass_-999._999._Year_-999._999.                           
 229,          3.67447928,          5.78533000,          0.05616315,          2.11085072,    150,Earnings     _Age_51._75._Mar_-999._999._Fem_0._0._Kid_-999._999._Edu_12._999._XP_40._999._FXP_-999._999._Coh_-999._999._LFP_1._999._FLFP_1._1._Ass_-999._999._Year_-999._999.                          
 230,          1.75436720,          1.24762000,          1.14855397,         -0.50674720,    369,Earnings     _Age_51._75._Mar_-999._999._Fem_0._0._Kid_-999._999._Edu_0._11._XP_0._20._FXP_-999._999._Coh_-999._999._LFP_1._999._FLFP_0._0._Ass_-999._999._Year_-999._999.                              
 231,          2.12696036,          1.52547000,          0.49686725,         -0.60149036,   1028,Earnings     _Age_51._75._Mar_-999._999._Fem_0._0._Kid_-999._999._Edu_0._11._XP_20._30._FXP_-999._999._Coh_-999._999._LFP_1._999._FLFP_0._0._Ass_-999._999._Year_-999._999.                             
 232,          2.35716409,          2.06332000,          0.45074282,         -0.29384409,   1233,Earnings     _Age_51._75._Mar_-999._999._Fem_0._0._Kid_-999._999._Edu_0._11._XP_30._40._FXP_-999._999._Coh_-999._999._LFP_1._999._FLFP_0._0._Ass_-999._999._Year_-999._999.                             
 233,          1.63825016,          1.80270000,          0.69570057,          0.16444984,    506,Earnings     _Age_51._75._Mar_-999._999._Fem_0._0._Kid_-999._999._Edu_0._11._XP_40._999._FXP_-999._999._Coh_-999._999._LFP_1._999._FLFP_0._0._Ass_-999._999._Year_-999._999.                            
 234,          3.86850414,          7.77903000,          0.01386180,          3.91052586,     28,Earnings     _Age_51._75._Mar_-999._999._Fem_0._0._Kid_-999._999._Edu_12._999._XP_0._20._FXP_-999._999._Coh_-999._999._LFP_1._999._FLFP_0._0._Ass_-999._999._Year_-999._999.                            
 235,          6.41051229,          4.36427000,          0.04558500,         -2.04624229,    195,Earnings     _Age_51._75._Mar_-999._999._Fem_0._0._Kid_-999._999._Edu_12._999._XP_20._30._FXP_-999._999._Coh_-999._999._LFP_1._999._FLFP_0._0._Ass_-999._999._Year_-999._999.                           
 236,          5.17664133,          4.55951000,          0.06044374,         -0.61713133,    195,Earnings     _Age_51._75._Mar_-999._999._Fem_0._0._Kid_-999._999._Edu_12._999._XP_30._40._FXP_-999._999._Coh_-999._999._LFP_1._999._FLFP_0._0._Ass_-999._999._Year_-999._999.                           
 237,          4.29201650,          4.91081000,          0.04208797,          0.61879350,     50,Earnings     _Age_51._75._Mar_-999._999._Fem_0._0._Kid_-999._999._Edu_12._999._XP_40._999._FXP_-999._999._Coh_-999._999._LFP_1._999._FLFP_0._0._Ass_-999._999._Year_-999._999.                          
 238,          2.96996790,          1.58515000,          2.83631619,         -1.38481790,    339,Earnings     _Age_51._75._Mar_-999._999._Fem_1._1._Kid_-999._999._Edu_0._11._XP_0._10._FXP_-999._999._Coh_-999._999._LFP_1._999._FLFP_1._1._Ass_-999._999._Year_-999._999.                              
 239,          3.18813488,          1.43121000,          2.21808180,         -1.75692488,    418,Earnings     _Age_51._75._Mar_-999._999._Fem_1._1._Kid_-999._999._Edu_0._11._XP_10._20._FXP_-999._999._Coh_-999._999._LFP_1._999._FLFP_1._1._Ass_-999._999._Year_-999._999.                             
 240,          3.31053733,          1.70114000,          1.41924496,         -1.60939733,    579,Earnings     _Age_51._75._Mar_-999._999._Fem_1._1._Kid_-999._999._Edu_0._11._XP_20._30._FXP_-999._999._Coh_-999._999._LFP_1._999._FLFP_1._1._Ass_-999._999._Year_-999._999.                             
 241,          4.37538423,          2.05578000,          0.90150190,         -2.31960423,    506,Earnings     _Age_51._75._Mar_-999._999._Fem_1._1._Kid_-999._999._Edu_0._11._XP_30._999._FXP_-999._999._Coh_-999._999._LFP_1._999._FLFP_1._1._Ass_-999._999._Year_-999._999.                            
 242,          3.78333244,          3.42448000,          0.25013945,         -0.35885244,    147,Earnings     _Age_51._75._Mar_-999._999._Fem_1._1._Kid_-999._999._Edu_12._999._XP_0._10._FXP_-999._999._Coh_-999._999._LFP_1._999._FLFP_1._1._Ass_-999._999._Year_-999._999.                            
 243,          4.81200168,          3.81722000,          0.14782010,         -0.99478168,    180,Earnings     _Age_51._75._Mar_-999._999._Fem_1._1._Kid_-999._999._Edu_12._999._XP_10._20._FXP_-999._999._Coh_-999._999._LFP_1._999._FLFP_1._1._Ass_-999._999._Year_-999._999.                           
 244,          6.38253257,          5.31759000,          0.11485777,         -1.06494257,    316,Earnings     _Age_51._75._Mar_-999._999._Fem_1._1._Kid_-999._999._Edu_12._999._XP_20._30._FXP_-999._999._Coh_-999._999._LFP_1._999._FLFP_1._1._Ass_-999._999._Year_-999._999.                           
 245,          7.05192641,          5.96393000,          0.09747073,         -1.08799641,    207,Earnings     _Age_51._75._Mar_-999._999._Fem_1._1._Kid_-999._999._Edu_12._999._XP_30._999._FXP_-999._999._Coh_-999._999._LFP_1._999._FLFP_1._1._Ass_-999._999._Year_-999._999.                          
 246,          0.93126316,          1.14364000,          0.87908997,          0.21237684,    892,Earnings     _Age_51._75._Mar_-999._999._Fem_1._1._Kid_-999._999._Edu_0._11._XP_0._10._FXP_-999._999._Coh_-999._999._LFP_1._999._FLFP_0._0._Ass_-999._999._Year_-999._999.                              
 247,          0.88383025,          1.09010000,          0.87082223,          0.20626975,    588,Earnings     _Age_51._75._Mar_-999._999._Fem_1._1._Kid_-999._999._Edu_0._11._XP_10._20._FXP_-999._999._Coh_-999._999._LFP_1._999._FLFP_0._0._Ass_-999._999._Year_-999._999.                             
 248,          1.27751665,          1.15881000,          1.01827809,         -0.11870665,    489,Earnings     _Age_51._75._Mar_-999._999._Fem_1._1._Kid_-999._999._Edu_0._11._XP_20._30._FXP_-999._999._Coh_-999._999._LFP_1._999._FLFP_0._0._Ass_-999._999._Year_-999._999.                             
 249,          1.47537959,          1.33962000,          0.84322720,         -0.13575959,    382,Earnings     _Age_51._75._Mar_-999._999._Fem_1._1._Kid_-999._999._Edu_0._11._XP_30._999._FXP_-999._999._Coh_-999._999._LFP_1._999._FLFP_0._0._Ass_-999._999._Year_-999._999.                            
 250,          1.91065532,          1.13527000,          1.15204719,         -0.77538532,     91,Earnings     _Age_51._75._Mar_-999._999._Fem_1._1._Kid_-999._999._Edu_12._999._XP_0._10._FXP_-999._999._Coh_-999._999._LFP_1._999._FLFP_0._0._Ass_-999._999._Year_-999._999.                            
 251,          1.85473868,          2.91230000,          0.10293467,          1.05756132,     70,Earnings     _Age_51._75._Mar_-999._999._Fem_1._1._Kid_-999._999._Edu_12._999._XP_10._20._FXP_-999._999._Coh_-999._999._LFP_1._999._FLFP_0._0._Ass_-999._999._Year_-999._999.                           
 252,          3.20119501,          3.53575000,          0.08959763,          0.33455499,     59,Earnings     _Age_51._75._Mar_-999._999._Fem_1._1._Kid_-999._999._Edu_12._999._XP_20._30._FXP_-999._999._Coh_-999._999._LFP_1._999._FLFP_0._0._Ass_-999._999._Year_-999._999.                           
 253,          3.04435625,          3.65434000,          0.08873288,          0.60998375,     31,Earnings     _Age_51._75._Mar_-999._999._Fem_1._1._Kid_-999._999._Edu_12._999._XP_30._999._FXP_-999._999._Coh_-999._999._LFP_1._999._FLFP_0._0._Ass_-999._999._Year_-999._999.                          
 254,          3.27987334,          3.46754000,          0.10389222,          0.18766666,   4466,Earnings     _Age_51._75._Mar_-999._999._Fem_-999._999._Kid_-999._999._Edu_-999._999._XP_-999._999._FXP_-999._999._Coh_-999._50._LFP_1._999._FLFP_1._1._Ass_-999._999._Year_-999._999.                  
 255,          3.61835704,          3.06194000,          0.16405437,         -0.55641704,   1344,Earnings     _Age_51._75._Mar_-999._999._Fem_-999._999._Kid_-999._999._Edu_-999._999._XP_-999._999._FXP_-999._999._Coh_51._52._LFP_1._999._FLFP_1._1._Ass_-999._999._Year_-999._999.                    
 256,          3.81620556,          3.74599000,          0.08201757,         -0.07021556,   2454,Earnings     _Age_51._75._Mar_-999._999._Fem_-999._999._Kid_-999._999._Edu_-999._999._XP_-999._999._FXP_-999._999._Coh_53._999._LFP_1._999._FLFP_1._1._Ass_-999._999._Year_-999._999.                   
 257,          1.85075014,          2.03753000,          0.15942022,          0.18677986,   3561,Earnings     _Age_51._75._Mar_-999._999._Fem_-999._999._Kid_-999._999._Edu_-999._999._XP_-999._999._FXP_-999._999._Coh_-999._50._LFP_1._999._FLFP_0._0._Ass_-999._999._Year_-999._999.                  
 258,          2.10414406,          2.07763000,          0.21945177,         -0.02651406,    880,Earnings     _Age_51._75._Mar_-999._999._Fem_-999._999._Kid_-999._999._Edu_-999._999._XP_-999._999._FXP_-999._999._Coh_51._52._LFP_1._999._FLFP_0._0._Ass_-999._999._Year_-999._999.                    
