  0.111706881143878     
  0.112068965517241     
  8.917954815695600E-002
  0.183060109289617     
  0.241486068111455     
  0.218241042345277     
  0.138075313807531     
  0.107344632768362     
  0.136363636363636     
  0.302949061662198     
  0.303639846743295     
  0.292508917954816     
  0.464480874316940     
  0.352941176470588     
  0.410423452768730     
  0.410041841004184     
  0.418079096045198     
  0.507575757575758     
  0.134048257372654     
  0.113026819923372     
  0.120095124851367     
  0.120218579234973     
  0.102167182662539     
  0.107491856677524     
  0.209205020920502     
  0.163841807909605     
  0.128787878787879     
  0.451295799821269     
  0.471264367816092     
  0.498216409036861     
  0.232240437158470     
  0.303405572755418     
  0.263843648208469     
  0.242677824267782     
  0.310734463276836     
  0.227272727272727     
  0.847437425506555     
  0.846177558569667     
  0.718526869597896     
  0.380147835269271     
  0.191235059760956     
  0.571738344777738     
  0.315217391304348     
  0.203468979319546     
  0.104384133611691     
  5.750350631136045E-002
  0.748083242059146     
  0.635063957863055     
  0.284382284382284     
  7.699711260827719E-003
  5.012531328320802E-003
  0.000000000000000E+000
  0.417759237187128     
  0.481103166496425     
  0.526803776129467     
  0.322507849293564     
  0.407937240424550     
  0.533204384268214     
  0.766467065868264     
  0.439823008849557     
  0.478581979320532     
  0.310760053026955     
  0.108940646130729     
  0.348798477278135     
  0.291200000000000     
  0.442319277108434     
  4.609973621404346E-002
  3.455964325529543E-002
  0.655696202531646     
  0.648816029143898     
  0.523012552301255     
  0.518055555555556     
  0.524084124830393     
  0.504723346828610     
  0.435171385991058     
  0.453703703703704     
  0.444444444444444     
  0.543609022556391     
  0.681127012522361     
  0.710487444608567     
  0.698473282442748     
  0.413142683297840     
  0.528280542986425     
  0.749697702539299     
  0.816406250000000     
  0.000000000000000E+000
  0.664523670368206     
  0.711708809792237     
  0.000000000000000E+000
  0.551383399209486     
  0.704456606724003     
  0.223918575063613     
  0.299406276505513     
  9.527848459146170E-002
  0.525869380831213     
  0.773694390715667     
  8.704061895551257E-002
  0.139264990328820     
  4.385964912280702E-002
  0.694736842105263     
  0.261403508771930     
  4.353233830845771E-003
  2.922885572139303E-002
  0.966417910447761     
  0.761363636363636     
  0.110606060606061     
  0.128030303030303     
  9.064748201438849E-002
  0.585611510791367     
  0.323741007194245     
  5.778491171749599E-002
  0.250401284109149     
  0.691813804173355     
  0.101798561151079     
  0.289028776978417     
  0.241546762589928     
  0.137410071942446     
  6.960431654676259E-002
  0.160611510791367     
  0.302048726467331     
  0.296234772978959     
  0.150885935769657     
  8.361018826135105E-002
  4.401993355481727E-002
  0.123200442967885     
  0.150715900527506     
  0.238131122833459     
  0.153730218538056     
  0.112660135644310     
  7.987942727957799E-002
  0.264883195177091     
  0.639230769230769     
  0.201923076923077     
  6.346153846153846E-002
  4.307692307692308E-002
  1.846153846153846E-002
  3.384615384615385E-002
  8.864084044648719E-002
  0.217990807616546     
  0.254103742613263     
  0.141168745896257     
  9.652002626395273E-002
  0.201575837163493     
  0.144460028050491     
  0.294530154277700     
  0.214586255259467     
  0.123422159887798     
  6.872370266479663E-002
  0.154277699859748     
  0.116129032258065     
  0.193548387096774     
  0.138709677419355     
  8.870967741935484E-002
  7.096774193548387E-002
  0.391935483870968     
  0.391304347826087     
  0.236714975845411     
  0.125603864734300     
  9.178743961352658E-002
  5.314009661835749E-002
  0.101449275362319     
  0.409090909090909     
  0.125000000000000     
  9.090909090909091E-002
  6.818181818181818E-002
  2.272727272727273E-002
  4.545454545454546E-002
  0.238636363636364     
  0.497382198952880     
  0.125654450261780     
  6.282722513089005E-002
  5.759162303664921E-002
  4.188481675392670E-002
  4.188481675392670E-002
  0.172774869109948     
  0.281850533807829     
  0.343060498220641     
  0.148042704626335     
  5.765124555160142E-002
  3.629893238434163E-002
  2.277580071174377E-002
  0.110320284697509     
  0.265255292652553     
  0.205479452054795     
  0.135740971357410     
  8.343711083437111E-002
  6.600249066002491E-002
  5.603985056039851E-002
  0.188044831880448     
   2.95393000670719     
   2.14748369479950     
   3.71683846822182     
   3.28011765353582     
   8.14060622123195     
   4.48080010316218     
   6.70521684430886     
   6.70521684430886     
   1.64889325637187     
   1.87813057001434     
   2.61245006764098     
   3.06771168211868     
   5.18939072451751     
   5.23432760344361     
   6.86358365612961     
   6.86358365612961     
   2.78575746247163     
   3.40527225022964     
   3.46976623973486     
   4.78573526284909     
   3.53993076506870     
   6.15749090783779     
   6.99081570559949     
   6.99081570559949     
  0.788324250985325     
  0.963530696503117     
   1.69384276297062     
   2.42276761768325     
   1.96725210182646     
   2.66333783004005     
   2.35025131543962     
   2.35025131543962     
   3.18603075652346     
   3.21598015727712     
   2.40574886080440     
   1.73361223991992     
   3.98230677277176     
   6.55843574564424     
   4.34589914487149     
   3.72727751546002     
   1.75436720208822     
   2.12772878187982     
   2.35030651766491     
   1.65320003739296     
   3.86850413813677     
   6.39330566279048     
   5.15647631683036     
   4.29201650494963     
   2.96996789793407     
   3.17550002790793     
   3.29375071253963     
   4.36702468287403     
   3.78333244152730     
   4.82641012721207     
   6.36304365167810     
   7.20500225477632     
  0.932928612252811     
  0.896010397218989     
   1.27161319147792     
   1.51903520130674     
   1.91065532224122     
   1.85655157851387     
   3.11628415087460     
   2.88468332060228     
   3.25730318632270     
   3.61138899991458     
   3.80656346849297     
   1.86101926632836     
   2.10493107679015     
