 i, m(i) , mdata(i) , weights(i) , loss(1,i) ,nobs(i)
   1,          0.10235581,          0.10851000,       6250.00000000,          0.00615419,   1231,0_Assets     _Age_51._55._Mar_1._1._Fem_-999._999._Kid_-999._999._Edu_-999._999._XP_-999._999._FXP_-999._999._Coh_-999._999._LFP_-999._999._FLFP_-999._999._Ass_-999._999._Year_-999._999.              
   2,          0.11081081,          0.06216000,       9090.90909091,         -0.04865081,   1110,0_Assets     _Age_56._61._Mar_1._1._Fem_-999._999._Kid_-999._999._Edu_-999._999._XP_-999._999._FXP_-999._999._Coh_-999._999._LFP_-999._999._FLFP_-999._999._Ass_-999._999._Year_-999._999.              
   3,          0.10926366,          0.07452000,       5882.35294118,         -0.03474366,    842,0_Assets     _Age_61._66._Mar_1._1._Fem_-999._999._Kid_-999._999._Edu_-999._999._XP_-999._999._FXP_-999._999._Coh_-999._999._LFP_-999._999._FLFP_-999._999._Ass_-999._999._Year_-999._999.              
   4,          0.17434211,          0.17834000,       1075.26881720,          0.00399789,    304,0_Assets     _Age_51._55._Mar_0._0._Fem_1._1._Kid_-999._999._Edu_-999._999._XP_-999._999._FXP_-999._999._Coh_-999._999._LFP_-999._999._FLFP_-999._999._Ass_-999._999._Year_-999._999.                   
   5,          0.22591362,          0.15287000,       1219.51219512,         -0.07304362,    301,0_Assets     _Age_56._61._Mar_0._0._Fem_1._1._Kid_-999._999._Edu_-999._999._XP_-999._999._FXP_-999._999._Coh_-999._999._LFP_-999._999._FLFP_-999._999._Ass_-999._999._Year_-999._999.                   
   6,          0.18589744,          0.16352000,       1162.79069767,         -0.02237744,    312,0_Assets     _Age_61._66._Mar_0._0._Fem_1._1._Kid_-999._999._Edu_-999._999._XP_-999._999._FXP_-999._999._Coh_-999._999._LFP_-999._999._FLFP_-999._999._Ass_-999._999._Year_-999._999.                   
   7,          0.31606218,          0.17241000,        609.75609756,         -0.14365218,    193,0_Assets     _Age_51._55._Mar_0._0._Fem_0._0._Kid_-999._999._Edu_-999._999._XP_-999._999._FXP_-999._999._Coh_-999._999._LFP_-999._999._FLFP_-999._999._Ass_-999._999._Year_-999._999.                   
   8,          0.34532374,          0.22857000,        396.82539683,         -0.11675374,    139,0_Assets     _Age_56._61._Mar_0._0._Fem_0._0._Kid_-999._999._Edu_-999._999._XP_-999._999._FXP_-999._999._Coh_-999._999._LFP_-999._999._FLFP_-999._999._Ass_-999._999._Year_-999._999.                   
   9,          0.25203252,          0.37500000,        238.66348449,          0.12296748,    123,0_Assets     _Age_61._66._Mar_0._0._Fem_0._0._Kid_-999._999._Edu_-999._999._XP_-999._999._FXP_-999._999._Coh_-999._999._LFP_-999._999._FLFP_-999._999._Ass_-999._999._Year_-999._999.                   
  10,          0.32412673,          0.22204000,       3448.27586207,         -0.10208673,   1231,Assets<5     _Age_51._55._Mar_1._1._Fem_-999._999._Kid_-999._999._Edu_-999._999._XP_-999._999._FXP_-999._999._Coh_-999._999._LFP_-999._999._FLFP_-999._999._Ass_-999._999._Year_-999._999.              
  11,          0.30270270,          0.17733000,       3703.70370370,         -0.12537270,   1110,Assets<5     _Age_56._61._Mar_1._1._Fem_-999._999._Kid_-999._999._Edu_-999._999._XP_-999._999._FXP_-999._999._Coh_-999._999._LFP_-999._999._FLFP_-999._999._Ass_-999._999._Year_-999._999.              
  12,          0.30760095,          0.18510000,       2777.77777778,         -0.12250095,    842,Assets<5     _Age_61._66._Mar_1._1._Fem_-999._999._Kid_-999._999._Edu_-999._999._XP_-999._999._FXP_-999._999._Coh_-999._999._LFP_-999._999._FLFP_-999._999._Ass_-999._999._Year_-999._999.              
  13,          0.48684211,          0.18471000,       1041.66666667,         -0.30213211,    304,Assets<5     _Age_51._55._Mar_0._0._Fem_1._1._Kid_-999._999._Edu_-999._999._XP_-999._999._FXP_-999._999._Coh_-999._999._LFP_-999._999._FLFP_-999._999._Ass_-999._999._Year_-999._999.                   
  14,          0.36877076,          0.22293000,        909.09090909,         -0.14584076,    301,Assets<5     _Age_56._61._Mar_0._0._Fem_1._1._Kid_-999._999._Edu_-999._999._XP_-999._999._FXP_-999._999._Coh_-999._999._LFP_-999._999._FLFP_-999._999._Ass_-999._999._Year_-999._999.                   
  15,          0.41025641,          0.26415000,        819.67213115,         -0.14610641,    312,Assets<5     _Age_61._66._Mar_0._0._Fem_1._1._Kid_-999._999._Edu_-999._999._XP_-999._999._FXP_-999._999._Coh_-999._999._LFP_-999._999._FLFP_-999._999._Ass_-999._999._Year_-999._999.                   
  16,          0.42487047,          0.17241000,        609.75609756,         -0.25246047,    193,Assets<5     _Age_51._55._Mar_0._0._Fem_0._0._Kid_-999._999._Edu_-999._999._XP_-999._999._FXP_-999._999._Coh_-999._999._LFP_-999._999._FLFP_-999._999._Ass_-999._999._Year_-999._999.                   
  17,          0.43165468,          0.22857000,        396.82539683,         -0.20308468,    139,Assets<5     _Age_56._61._Mar_0._0._Fem_0._0._Kid_-999._999._Edu_-999._999._XP_-999._999._FXP_-999._999._Coh_-999._999._LFP_-999._999._FLFP_-999._999._Ass_-999._999._Year_-999._999.                   
  18,          0.49593496,          0.21429000,        332.22591362,         -0.28164496,    123,Assets<5     _Age_61._66._Mar_0._0._Fem_0._0._Kid_-999._999._Edu_-999._999._XP_-999._999._FXP_-999._999._Coh_-999._999._LFP_-999._999._FLFP_-999._999._Ass_-999._999._Year_-999._999.                   
  19,          0.11291633,          0.16694000,       4347.82608696,          0.05402367,   1231,Assets<10     _Age_51._55._Mar_1._1._Fem_-999._999._Kid_-999._999._Edu_-999._999._XP_-999._999._FXP_-999._999._Coh_-999._999._LFP_-999._999._FLFP_-999._999._Ass_-999._999._Year_-999._999.             
  20,          0.11531532,          0.18099000,       3703.70370370,          0.06567468,   1110,Assets<10     _Age_56._61._Mar_1._1._Fem_-999._999._Kid_-999._999._Edu_-999._999._XP_-999._999._FXP_-999._999._Coh_-999._999._LFP_-999._999._FLFP_-999._999._Ass_-999._999._Year_-999._999.             
  21,          0.10332542,          0.16346000,       3030.30303030,          0.06013458,    842,Assets<10     _Age_61._66._Mar_1._1._Fem_-999._999._Kid_-999._999._Edu_-999._999._XP_-999._999._FXP_-999._999._Coh_-999._999._LFP_-999._999._FLFP_-999._999._Ass_-999._999._Year_-999._999.             
  22,          0.12171053,          0.15924000,       1176.47058824,          0.03752947,    304,Assets<10     _Age_51._55._Mar_0._0._Fem_1._1._Kid_-999._999._Edu_-999._999._XP_-999._999._FXP_-999._999._Coh_-999._999._LFP_-999._999._FLFP_-999._999._Ass_-999._999._Year_-999._999.                  
  23,          0.06976744,          0.14650000,       1250.00000000,          0.07673256,    301,Assets<10     _Age_56._61._Mar_0._0._Fem_1._1._Kid_-999._999._Edu_-999._999._XP_-999._999._FXP_-999._999._Coh_-999._999._LFP_-999._999._FLFP_-999._999._Ass_-999._999._Year_-999._999.                  
  24,          0.11217949,          0.14465000,       1282.05128205,          0.03247051,    312,Assets<10     _Age_61._66._Mar_0._0._Fem_1._1._Kid_-999._999._Edu_-999._999._XP_-999._999._FXP_-999._999._Coh_-999._999._LFP_-999._999._FLFP_-999._999._Ass_-999._999._Year_-999._999.                  
  25,          0.08808290,          0.16092000,        645.16129032,          0.07283710,    193,Assets<10     _Age_51._55._Mar_0._0._Fem_0._0._Kid_-999._999._Edu_-999._999._XP_-999._999._FXP_-999._999._Coh_-999._999._LFP_-999._999._FLFP_-999._999._Ass_-999._999._Year_-999._999.                  
  26,          0.05755396,          0.18571000,        462.96296296,          0.12815604,    139,Assets<10     _Age_56._61._Mar_0._0._Fem_0._0._Kid_-999._999._Edu_-999._999._XP_-999._999._FXP_-999._999._Coh_-999._999._LFP_-999._999._FLFP_-999._999._Ass_-999._999._Year_-999._999.                  
  27,          0.08130081,          0.12500000,        512.82051282,          0.04369919,    123,Assets<10     _Age_61._66._Mar_0._0._Fem_0._0._Kid_-999._999._Edu_-999._999._XP_-999._999._FXP_-999._999._Coh_-999._999._LFP_-999._999._FLFP_-999._999._Ass_-999._999._Year_-999._999.                  
  28,          0.46060114,          0.33556000,       2702.70270270,         -0.12504114,   1231,Assets>10     _Age_51._55._Mar_1._1._Fem_-999._999._Kid_-999._999._Edu_-999._999._XP_-999._999._FXP_-999._999._Coh_-999._999._LFP_-999._999._FLFP_-999._999._Ass_-999._999._Year_-999._999.             
  29,          0.47117117,          0.37477000,       2325.58139535,         -0.09640117,   1110,Assets>10     _Age_56._61._Mar_1._1._Fem_-999._999._Kid_-999._999._Edu_-999._999._XP_-999._999._FXP_-999._999._Coh_-999._999._LFP_-999._999._FLFP_-999._999._Ass_-999._999._Year_-999._999.             
  30,          0.47980998,          0.38702000,       1754.38596491,         -0.09278998,    842,Assets>10     _Age_61._66._Mar_1._1._Fem_-999._999._Kid_-999._999._Edu_-999._999._XP_-999._999._FXP_-999._999._Coh_-999._999._LFP_-999._999._FLFP_-999._999._Ass_-999._999._Year_-999._999.             
  31,          0.21710526,          0.29299000,        757.57575758,          0.07588474,    304,Assets>10     _Age_51._55._Mar_0._0._Fem_1._1._Kid_-999._999._Edu_-999._999._XP_-999._999._FXP_-999._999._Coh_-999._999._LFP_-999._999._FLFP_-999._999._Ass_-999._999._Year_-999._999.                  
  32,          0.33554817,          0.33121000,        709.21985816,         -0.00433817,    301,Assets>10     _Age_56._61._Mar_0._0._Fem_1._1._Kid_-999._999._Edu_-999._999._XP_-999._999._FXP_-999._999._Coh_-999._999._LFP_-999._999._FLFP_-999._999._Ass_-999._999._Year_-999._999.                  
  33,          0.29166667,          0.28931000,        775.19379845,         -0.00235667,    312,Assets>10     _Age_61._66._Mar_0._0._Fem_1._1._Kid_-999._999._Edu_-999._999._XP_-999._999._FXP_-999._999._Coh_-999._999._LFP_-999._999._FLFP_-999._999._Ass_-999._999._Year_-999._999.                  
  34,          0.17098446,          0.25287000,        460.82949309,          0.08188554,    193,Assets>10     _Age_51._55._Mar_0._0._Fem_0._0._Kid_-999._999._Edu_-999._999._XP_-999._999._FXP_-999._999._Coh_-999._999._LFP_-999._999._FLFP_-999._999._Ass_-999._999._Year_-999._999.                  
  35,          0.16546763,          0.24286000,        380.22813688,          0.07739237,    139,Assets>10     _Age_56._61._Mar_0._0._Fem_0._0._Kid_-999._999._Edu_-999._999._XP_-999._999._FXP_-999._999._Coh_-999._999._LFP_-999._999._FLFP_-999._999._Ass_-999._999._Year_-999._999.                  
  36,          0.17073171,          0.17857000,        381.67938931,          0.00783829,    123,Assets>10     _Age_61._66._Mar_0._0._Fem_0._0._Kid_-999._999._Edu_-999._999._XP_-999._999._FXP_-999._999._Coh_-999._999._LFP_-999._999._FLFP_-999._999._Ass_-999._999._Year_-999._999.                  
  37,          0.86416806,          0.79890000,      12500.00000000,         -0.06526806,   4189,LFP     _Age_51._55._Mar_-999._999._Fem_0._0._Kid_-999._999._Edu_-999._999._XP_-999._999._FXP_-999._999._Coh_-999._999._LFP_-999._999._FLFP_-999._999._Ass_-999._999._Year_-999._999.                   
  38,          0.83000921,          0.71456000,       7692.30769231,         -0.11544921,   3259,LFP     _Age_56._60._Mar_-999._999._Fem_0._0._Kid_-999._999._Edu_-999._999._XP_-999._999._FXP_-999._999._Coh_-999._999._LFP_-999._999._FLFP_-999._999._Ass_-999._999._Year_-999._999.                   
  39,          0.71938392,          0.56573000,       5263.15789474,         -0.15365392,   2662,LFP     _Age_61._65._Mar_-999._999._Fem_0._0._Kid_-999._999._Edu_-999._999._XP_-999._999._FXP_-999._999._Coh_-999._999._LFP_-999._999._FLFP_-999._999._Ass_-999._999._Year_-999._999.                   
  40,          0.35991605,          0.29718000,       4347.82608696,         -0.06273605,   1906,LFP     _Age_66._70._Mar_-999._999._Fem_0._0._Kid_-999._999._Edu_-999._999._XP_-999._999._FXP_-999._999._Coh_-999._999._LFP_-999._999._FLFP_-999._999._Ass_-999._999._Year_-999._999.                   
  41,          0.20383693,          0.17230000,       4347.82608696,         -0.03153693,   1251,LFP     _Age_71._75._Mar_-999._999._Fem_0._0._Kid_-999._999._Edu_-999._999._XP_-999._999._FXP_-999._999._Coh_-999._999._LFP_-999._999._FLFP_-999._999._Ass_-999._999._Year_-999._999.                   
  42,          0.57781457,          0.38593000,       2439.02439024,         -0.19188457,   3020,LFP     _Age_51._55._Mar_1._1._Fem_1._1._Kid_-999._999._Edu_-999._999._XP_-999._999._FXP_-999._999._Coh_-999._999._LFP_-999._999._FLFP_-999._999._Ass_-999._999._Year_-999._999.                        
  43,          0.29172511,          0.35236000,       1754.38596491,          0.06063489,   2139,LFP     _Age_56._60._Mar_1._1._Fem_1._1._Kid_-999._999._Edu_-999._999._XP_-999._999._FXP_-999._999._Coh_-999._999._LFP_-999._999._FLFP_-999._999._Ass_-999._999._Year_-999._999.                        
  44,          0.19395973,          0.11498000,       2857.14285714,         -0.07897973,   1490,LFP     _Age_61._65._Mar_1._1._Fem_1._1._Kid_-999._999._Edu_-999._999._XP_-999._999._FXP_-999._999._Coh_-999._999._LFP_-999._999._FLFP_-999._999._Ass_-999._999._Year_-999._999.                        
  45,          0.11468382,          0.04520000,       4166.66666667,         -0.06948382,    933,LFP     _Age_66._70._Mar_1._1._Fem_1._1._Kid_-999._999._Edu_-999._999._XP_-999._999._FXP_-999._999._Coh_-999._999._LFP_-999._999._FLFP_-999._999._Ass_-999._999._Year_-999._999.                        
  46,          0.03797468,          0.03623000,       4000.00000000,         -0.00174468,    711,LFP     _Age_71._75._Mar_1._1._Fem_1._1._Kid_-999._999._Edu_-999._999._XP_-999._999._FXP_-999._999._Coh_-999._999._LFP_-999._999._FLFP_-999._999._Ass_-999._999._Year_-999._999.                        
  47,          0.77309868,          0.61279000,       1250.00000000,         -0.16030868,   1591,LFP     _Age_51._55._Mar_0._0._Fem_1._1._Kid_-999._999._Edu_-999._999._XP_-999._999._FXP_-999._999._Coh_-999._999._LFP_-999._999._FLFP_-999._999._Ass_-999._999._Year_-999._999.                        
  48,          0.63175123,          0.41079000,       1000.00000000,         -0.22096123,   1222,LFP     _Age_56._60._Mar_0._0._Fem_1._1._Kid_-999._999._Edu_-999._999._XP_-999._999._FXP_-999._999._Coh_-999._999._LFP_-999._999._FLFP_-999._999._Ass_-999._999._Year_-999._999.                        
  49,          0.28682171,          0.26848000,       1315.78947368,         -0.01834171,   1290,LFP     _Age_61._65._Mar_0._0._Fem_1._1._Kid_-999._999._Edu_-999._999._XP_-999._999._FXP_-999._999._Coh_-999._999._LFP_-999._999._FLFP_-999._999._Ass_-999._999._Year_-999._999.                        
  50,          0.00771456,          0.13810000,       1754.38596491,          0.13038544,   1037,LFP     _Age_66._70._Mar_0._0._Fem_1._1._Kid_-999._999._Edu_-999._999._XP_-999._999._FXP_-999._999._Coh_-999._999._LFP_-999._999._FLFP_-999._999._Ass_-999._999._Year_-999._999.                        
  51,          0.00519481,          0.05556000,       3125.00000000,          0.05036519,    770,LFP     _Age_71._75._Mar_0._0._Fem_1._1._Kid_-999._999._Edu_-999._999._XP_-999._999._FXP_-999._999._Coh_-999._999._LFP_-999._999._FLFP_-999._999._Ass_-999._999._Year_-999._999.                        
  52,          0.00000000,          0.04929000,      33333.33333333,          0.04929000,   3636,LFP     _Age_51._75._Mar_-999._999._Fem_1._1._Kid_-999._999._Edu_-999._999._XP_0._0._FXP_-999._999._Coh_-999._999._LFP_-999._999._FLFP_-999._999._Ass_-999._999._Year_-999._999.                        
  53,          0.39677976,          0.16242000,       7142.85714286,         -0.23435976,   1739,LFP     _Age_51._75._Mar_-999._999._Fem_1._1._Kid_-999._999._Edu_-999._999._XP_0._5._FXP_-999._999._Coh_-999._999._LFP_-999._999._FLFP_-999._999._Ass_-999._999._Year_-999._999.                        
  54,          0.45361178,          0.27842000,       7142.85714286,         -0.17519178,   2921,LFP     _Age_51._75._Mar_-999._999._Fem_1._1._Kid_-999._999._Edu_-999._999._XP_6._15._FXP_-999._999._Coh_-999._999._LFP_-999._999._FLFP_-999._999._Ass_-999._999._Year_-999._999.                       
  55,          0.53399048,          0.48748000,      12500.00000000,         -0.04651048,   5884,LFP     _Age_51._75._Mar_-999._999._Fem_1._1._Kid_-999._999._Edu_-999._999._XP_16._999._FXP_-999._999._Coh_-999._999._LFP_-999._999._FLFP_-999._999._Ass_-999._999._Year_-999._999.                     
  56,          0.31597052,          0.19920000,      25000.00000000,         -0.11677052,  10175,LFP     _Age_51._75._Mar_-999._999._Fem_1._1._Kid_-999._999._Edu_0._7._XP_-999._999._FXP_-999._999._Coh_-999._999._LFP_-999._999._FLFP_-999._999._Ass_-999._999._Year_-999._999.                        
  57,          0.40297813,          0.34527000,       7692.30769231,         -0.05770813,   2149,LFP     _Age_51._75._Mar_-999._999._Fem_1._1._Kid_-999._999._Edu_8._11._XP_-999._999._FXP_-999._999._Coh_-999._999._LFP_-999._999._FLFP_-999._999._Ass_-999._999._Year_-999._999.                       
  58,          0.53543814,          0.42706000,       5000.00000000,         -0.10837814,   1552,LFP     _Age_51._75._Mar_-999._999._Fem_1._1._Kid_-999._999._Edu_12._15._XP_-999._999._FXP_-999._999._Coh_-999._999._LFP_-999._999._FLFP_-999._999._Ass_-999._999._Year_-999._999.                      
  59,          0.79758308,          0.67752000,       1408.45070423,         -0.12006308,    331,LFP     _Age_51._75._Mar_-999._999._Fem_1._1._Kid_-999._999._Edu_16._999._XP_-999._999._FXP_-999._999._Coh_-999._999._LFP_-999._999._FLFP_-999._999._Ass_-999._999._Year_-999._999.                     
  60,          0.44774775,          0.39923000,       2173.91304348,         -0.04851775,   1110,LFP     _Age_51._75._Mar_-999._999._Fem_1._1._Kid_0._0._Edu_-999._999._XP_-999._999._FXP_-999._999._Coh_-999._999._LFP_-999._999._FLFP_-999._999._Ass_-999._999._Year_-999._999.                        
  61,          0.48470646,          0.38581000,       8333.33333333,         -0.09889646,   4054,LFP     _Age_51._75._Mar_-999._999._Fem_1._1._Kid_1._2._Edu_-999._999._XP_-999._999._FXP_-999._999._Coh_-999._999._LFP_-999._999._FLFP_-999._999._Ass_-999._999._Year_-999._999.                        
  62,          0.30012164,          0.25810000,      25000.00000000,         -0.04202164,   9043,LFP     _Age_51._75._Mar_-999._999._Fem_1._1._Kid_3._999._Edu_-999._999._XP_-999._999._FXP_-999._999._Coh_-999._999._LFP_-999._999._FLFP_-999._999._Ass_-999._999._Year_-999._999.                      
  63,          0.08519438,          0.34906000,       1408.45070423,          0.26386562,   1209,LFP     _Age_51._75._Mar_-999._999._Fem_1._1._Kid_-999._999._Edu_-999._999._XP_-999._999._FXP_-999._999._Coh_-999._999._LFP_-999._999._FLFP_-999._999._Ass_-999._999._Year_-999._999.                   
  64,          0.33545347,          0.28019000,       1030.92783505,         -0.05526347,   4245,LFP     _Age_51._75._Mar_-999._999._Fem_1._1._Kid_-999._999._Edu_-999._999._XP_-999._999._FXP_-999._999._Coh_-999._999._LFP_-999._999._FLFP_-999._999._Ass_-999._999._Year_-999._999.                   
  65,          0.30046584,          0.28791000,       2222.22222222,         -0.01255584,   1288,LFP     _Age_51._75._Mar_-999._999._Fem_1._1._Kid_-999._999._Edu_-999._999._XP_-999._999._FXP_-999._999._Coh_-999._999._LFP_-999._999._FLFP_-999._999._Ass_-999._999._Year_-999._999.                   
  66,          0.44462711,          0.28398000,       7142.85714286,         -0.16064711,   6691,LFP     _Age_51._75._Mar_-999._999._Fem_1._1._Kid_-999._999._Edu_-999._999._XP_-999._999._FXP_-999._999._Coh_-999._999._LFP_-999._999._FLFP_-999._999._Ass_-999._999._Year_-999._999.                   
  67,          0.04111902,          0.05668000,      33333.33333333,          0.01556098,   8293,Part-Time     _Age_51._75._Mar_1._1._Fem_1._1._Kid_-999._999._Edu_-999._999._XP_-999._999._FXP_-999._999._Coh_-999._999._LFP_-999._999._FLFP_-999._999._Ass_-999._999._Year_-999._999.                  
  68,          0.03451777,          0.07712000,      16666.66666667,          0.04260223,   5910,Part-Time     _Age_51._75._Mar_0._0._Fem_1._1._Kid_-999._999._Edu_-999._999._XP_-999._999._FXP_-999._999._Coh_-999._999._LFP_-999._999._FLFP_-999._999._Ass_-999._999._Year_-999._999.                  
  69,          0.65718232,          0.57358000,       6666.66666667,         -0.08360232,   3620,FLFP     _Age_51._55._Mar_-999._999._Fem_0._0._Kid_-999._999._Edu_-999._999._XP_-999._999._FXP_-999._999._Coh_-999._999._LFP_1._999._FLFP_-999._999._Ass_-999._999._Year_-999._999.                     
  70,          0.65508318,          0.57042000,       4545.45454545,         -0.08466318,   2705,FLFP     _Age_56._60._Mar_-999._999._Fem_0._0._Kid_-999._999._Edu_-999._999._XP_-999._999._FXP_-999._999._Coh_-999._999._LFP_1._999._FLFP_-999._999._Ass_-999._999._Year_-999._999.                     
  71,          0.52793734,          0.46888000,       2941.17647059,         -0.05905734,   1915,FLFP     _Age_61._65._Mar_-999._999._Fem_0._0._Kid_-999._999._Edu_-999._999._XP_-999._999._FXP_-999._999._Coh_-999._999._LFP_1._999._FLFP_-999._999._Ass_-999._999._Year_-999._999.                     
  72,          0.50874636,          0.38686000,       1149.42528736,         -0.12188636,    686,FLFP     _Age_66._70._Mar_-999._999._Fem_0._0._Kid_-999._999._Edu_-999._999._XP_-999._999._FXP_-999._999._Coh_-999._999._LFP_1._999._FLFP_-999._999._Ass_-999._999._Year_-999._999.                     
  73,          0.54050420,          0.59773000,       4347.82608696,          0.05722580,   2975,FLFP     _Age_51._55._Mar_-999._999._Fem_1._1._Kid_-999._999._Edu_-999._999._XP_-999._999._FXP_-999._999._Coh_-999._999._LFP_1._999._FLFP_-999._999._Ass_-999._999._Year_-999._999.                     
  74,          0.54871060,          0.52769000,       2631.57894737,         -0.02102060,   1396,FLFP     _Age_56._60._Mar_-999._999._Fem_1._1._Kid_-999._999._Edu_-999._999._XP_-999._999._FXP_-999._999._Coh_-999._999._LFP_1._999._FLFP_-999._999._Ass_-999._999._Year_-999._999.                     
  75,          0.52200303,          0.41606000,       1123.59550562,         -0.10594303,    659,FLFP     _Age_61._65._Mar_-999._999._Fem_1._1._Kid_-999._999._Edu_-999._999._XP_-999._999._FXP_-999._999._Coh_-999._999._LFP_1._999._FLFP_-999._999._Ass_-999._999._Year_-999._999.                     
  76,          0.47826087,          0.31683000,        467.28971963,         -0.16143087,    115,FLFP     _Age_66._70._Mar_-999._999._Fem_1._1._Kid_-999._999._Edu_-999._999._XP_-999._999._FXP_-999._999._Coh_-999._999._LFP_1._999._FLFP_-999._999._Ass_-999._999._Year_-999._999.                     
  77,          0.54838710,          0.30556000,        169.77928693,         -0.24282710,     31,FLFP     _Age_71._75._Mar_-999._999._Fem_1._1._Kid_-999._999._Edu_-999._999._XP_-999._999._FXP_-999._999._Coh_-999._999._LFP_1._999._FLFP_-999._999._Ass_-999._999._Year_-999._999.                     
  78,          0.54470478,          0.50074000,       8333.33333333,         -0.04396478,   5335,FLFP     _Age_51._75._Mar_-999._999._Fem_0._0._Kid_-999._999._Edu_0._7._XP_-999._999._FXP_-999._999._Coh_-999._999._LFP_1._999._FLFP_-999._999._Ass_-999._999._Year_-999._999.                          
  79,          0.70837004,          0.47842000,       3333.33333333,         -0.22995004,   2270,FLFP     _Age_51._75._Mar_-999._999._Fem_0._0._Kid_-999._999._Edu_8._11._XP_-999._999._FXP_-999._999._Coh_-999._999._LFP_1._999._FLFP_-999._999._Ass_-999._999._Year_-999._999.                         
  80,          0.67357911,          0.62549000,       3333.33333333,         -0.04808911,   1302,FLFP     _Age_51._75._Mar_-999._999._Fem_0._0._Kid_-999._999._Edu_12._15._XP_-999._999._FXP_-999._999._Coh_-999._999._LFP_1._999._FLFP_-999._999._Ass_-999._999._Year_-999._999.                        
  81,          0.71167883,          0.67925000,        970.87378641,         -0.03242883,    274,FLFP     _Age_51._75._Mar_-999._999._Fem_0._0._Kid_-999._999._Edu_16._999._XP_-999._999._FXP_-999._999._Coh_-999._999._LFP_1._999._FLFP_-999._999._Ass_-999._999._Year_-999._999.                       
  82,          0.43421462,          0.37750000,       3448.27586207,         -0.05671462,   3215,FLFP     _Age_51._75._Mar_-999._999._Fem_1._1._Kid_-999._999._Edu_0._7._XP_-999._999._FXP_-999._999._Coh_-999._999._LFP_1._999._FLFP_-999._999._Ass_-999._999._Year_-999._999.                          
  83,          0.55889145,          0.53741000,       2380.95238095,         -0.02148145,    866,FLFP     _Age_51._75._Mar_-999._999._Fem_1._1._Kid_-999._999._Edu_8._11._XP_-999._999._FXP_-999._999._Coh_-999._999._LFP_1._999._FLFP_-999._999._Ass_-999._999._Year_-999._999.                         
  84,          0.82430806,          0.63550000,       2272.72727273,         -0.18880806,    831,FLFP     _Age_51._75._Mar_-999._999._Fem_1._1._Kid_-999._999._Edu_12._15._XP_-999._999._FXP_-999._999._Coh_-999._999._LFP_1._999._FLFP_-999._999._Ass_-999._999._Year_-999._999.                        
  85,          0.85227273,          0.87500000,       1886.79245283,          0.02272727,    264,FLFP     _Age_51._75._Mar_-999._999._Fem_1._1._Kid_-999._999._Edu_16._999._XP_-999._999._FXP_-999._999._Coh_-999._999._LFP_1._999._FLFP_-999._999._Ass_-999._999._Year_-999._999.                       
  86,          0.00000000,          0.07853000,       8333.33333333,          0.07853000,   1164,FLFP     _Age_51._75._Mar_-999._999._Fem_0._0._Kid_-999._999._Edu_-999._999._XP_-999._999._FXP_0._0._Coh_-999._999._LFP_1._999._FLFP_-999._999._Ass_-999._999._Year_-999._999.                          
  87,          0.71650055,          0.27684000,       2631.57894737,         -0.43966055,   1806,FLFP     _Age_51._75._Mar_-999._999._Fem_0._0._Kid_-999._999._Edu_-999._999._XP_-999._999._FXP_1._10._Coh_-999._999._LFP_1._999._FLFP_-999._999._Ass_-999._999._Year_-999._999.                         
  88,          0.69089444,          0.68673000,      12500.00000000,         -0.00416444,   6205,FLFP     _Age_51._75._Mar_-999._999._Fem_0._0._Kid_-999._999._Edu_-999._999._XP_-999._999._FXP_11._999._Coh_-999._999._LFP_1._999._FLFP_-999._999._Ass_-999._999._Year_-999._999.                       
  89,          0.00000000,          0.06623000,       7142.85714286,          0.06623000,   1077,FLFP     _Age_51._75._Mar_-999._999._Fem_1._1._Kid_-999._999._Edu_-999._999._XP_-999._999._FXP_0._0._Coh_-999._999._LFP_1._999._FLFP_-999._999._Ass_-999._999._Year_-999._999.                          
  90,          0.58547855,          0.46320000,       1851.85185185,         -0.12227855,   1515,FLFP     _Age_51._75._Mar_-999._999._Fem_1._1._Kid_-999._999._Edu_-999._999._XP_-999._999._FXP_1._10._Coh_-999._999._LFP_1._999._FLFP_-999._999._Ass_-999._999._Year_-999._999.                         
  91,          0.73690383,          0.73768000,       6250.00000000,          0.00077617,   2558,FLFP     _Age_51._75._Mar_-999._999._Fem_1._1._Kid_-999._999._Edu_-999._999._XP_-999._999._FXP_11._999._Coh_-999._999._LFP_1._999._FLFP_-999._999._Ass_-999._999._Year_-999._999.                       
  92,          0.22225216,          0.14200000,      14285.71428571,         -0.08025216,   3712,HHLFP     _Age_51._75._Mar_1._1._Fem_-999._999._Kid_-999._999._Edu_-999._999._XP_-999._999._FXP_-999._999._Coh_-999._999._LFP_-999._999._FLFP_-999._999._Ass_-999._999._Year_-999._999.                 
  93,          0.28690733,          0.34298000,       8333.33333333,          0.05607267,   3712,HHLFP     _Age_51._75._Mar_1._1._Fem_-999._999._Kid_-999._999._Edu_-999._999._XP_-999._999._FXP_-999._999._Coh_-999._999._LFP_-999._999._FLFP_-999._999._Ass_-999._999._Year_-999._999.                 
  94,          0.09590517,          0.06608000,      33333.33333333,         -0.02982517,   3712,HHLFP     _Age_51._75._Mar_1._1._Fem_-999._999._Kid_-999._999._Edu_-999._999._XP_-999._999._FXP_-999._999._Coh_-999._999._LFP_-999._999._FLFP_-999._999._Ass_-999._999._Year_-999._999.                 
  95,          0.50781250,          0.56526000,       7692.30769231,          0.05744750,   3712,HHLFP     _Age_51._75._Mar_1._1._Fem_-999._999._Kid_-999._999._Edu_-999._999._XP_-999._999._FXP_-999._999._Coh_-999._999._LFP_-999._999._FLFP_-999._999._Ass_-999._999._Year_-999._999.                 
  96,          0.81749049,          0.78440000,       1282.05128205,         -0.03309049,    526,FtoF     _Age_51._75._Mar_-999._999._Fem_1._1._Kid_-999._999._Edu_-999._999._XP_-999._999._FXP_-999._999._Coh_-999._999._LFP_-999._999._FLFP_-999._999._Ass_1._1._Year_1._1.                            
  97,          0.06083650,          0.08716000,       2777.77777778,          0.02632350,    526,FtoI     _Age_51._75._Mar_-999._999._Fem_1._1._Kid_-999._999._Edu_-999._999._XP_-999._999._FXP_-999._999._Coh_-999._999._LFP_-999._999._FLFP_-999._999._Ass_1._1._Year_1._1.                            
  98,          0.12167300,          0.12844000,       1960.78431373,          0.00676700,    526,FtoH     _Age_51._75._Mar_-999._999._Fem_1._1._Kid_-999._999._Edu_-999._999._XP_-999._999._FXP_-999._999._Coh_-999._999._LFP_-999._999._FLFP_-999._999._Ass_1._1._Year_1._1.                            
  99,          0.04385965,          0.13072000,       1351.35135135,          0.08686035,    570,ItoF     _Age_51._75._Mar_-999._999._Fem_1._1._Kid_-999._999._Edu_-999._999._XP_-999._999._FXP_-999._999._Coh_-999._999._LFP_-999._999._FLFP_-999._999._Ass_1._1._Year_0._0.                            
 100,          0.65964912,          0.57516000,        625.00000000,         -0.08448912,    570,ItoI     _Age_51._75._Mar_-999._999._Fem_1._1._Kid_-999._999._Edu_-999._999._XP_-999._999._FXP_-999._999._Coh_-999._999._LFP_-999._999._FLFP_-999._999._Ass_1._1._Year_0._0.                            
 101,          0.29649123,          0.29412000,        735.29411765,         -0.00237123,    570,ItoH     _Age_51._75._Mar_-999._999._Fem_1._1._Kid_-999._999._Edu_-999._999._XP_-999._999._FXP_-999._999._Coh_-999._999._LFP_-999._999._FLFP_-999._999._Ass_1._1._Year_0._0.                            
 102,          0.00569620,          0.01331000,     100000.00000000,          0.00761380,   1580,HtoF     _Age_51._75._Mar_-999._999._Fem_1._1._Kid_-999._999._Edu_-999._999._XP_-999._999._FXP_-999._999._Coh_-999._999._LFP_-999._999._FLFP_-999._999._Ass_0._0._Year_-999._999.                       
 103,          0.01898734,          0.05527000,      20000.00000000,          0.03628266,   1580,HtoI     _Age_51._75._Mar_-999._999._Fem_1._1._Kid_-999._999._Edu_-999._999._XP_-999._999._FXP_-999._999._Coh_-999._999._LFP_-999._999._FLFP_-999._999._Ass_0._0._Year_-999._999.                       
 104,          0.97531646,          0.93142000,      14285.71428571,         -0.04389646,   1580,HtoH     _Age_51._75._Mar_-999._999._Fem_1._1._Kid_-999._999._Edu_-999._999._XP_-999._999._FXP_-999._999._Coh_-999._999._LFP_-999._999._FLFP_-999._999._Ass_0._0._Year_-999._999.                       
 105,          0.76870748,          0.78984000,       2631.57894737,          0.02113252,   1323,FtoF     _Age_51._75._Mar_-999._999._Fem_0._0._Kid_-999._999._Edu_-999._999._XP_-999._999._FXP_-999._999._Coh_-999._999._LFP_-999._999._FLFP_-999._999._Ass_1._1._Year_1._1.                            
 106,          0.09750567,          0.11085000,       4347.82608696,          0.01334433,   1323,FtoI     _Age_51._75._Mar_-999._999._Fem_0._0._Kid_-999._999._Edu_-999._999._XP_-999._999._FXP_-999._999._Coh_-999._999._LFP_-999._999._FLFP_-999._999._Ass_1._1._Year_1._1.                            
 107,          0.13378685,          0.09931000,       4761.90476190,         -0.03447685,   1323,FtoH     _Age_51._75._Mar_-999._999._Fem_0._0._Kid_-999._999._Edu_-999._999._XP_-999._999._FXP_-999._999._Coh_-999._999._LFP_-999._999._FLFP_-999._999._Ass_1._1._Year_1._1.                            
 108,          0.11596180,          0.13366000,       3448.27586207,          0.01769820,    733,ItoF     _Age_51._75._Mar_-999._999._Fem_0._0._Kid_-999._999._Edu_-999._999._XP_-999._999._FXP_-999._999._Coh_-999._999._LFP_-999._999._FLFP_-999._999._Ass_1._1._Year_0._0.                            
 109,          0.59345157,          0.64356000,       1754.38596491,          0.05010843,    733,ItoI     _Age_51._75._Mar_-999._999._Fem_0._0._Kid_-999._999._Edu_-999._999._XP_-999._999._FXP_-999._999._Coh_-999._999._LFP_-999._999._FLFP_-999._999._Ass_1._1._Year_0._0.                            
 110,          0.29058663,          0.22277000,       2325.58139535,         -0.06781663,    733,ItoH     _Age_51._75._Mar_-999._999._Fem_0._0._Kid_-999._999._Edu_-999._999._XP_-999._999._FXP_-999._999._Coh_-999._999._LFP_-999._999._FLFP_-999._999._Ass_1._1._Year_0._0.                            
 111,          0.03220339,          0.06335000,       7692.30769231,          0.03114661,    590,HtoF     _Age_51._75._Mar_-999._999._Fem_0._0._Kid_-999._999._Edu_-999._999._XP_-999._999._FXP_-999._999._Coh_-999._999._LFP_-999._999._FLFP_-999._999._Ass_0._0._Year_-999._999.                       
 112,          0.23389831,          0.15158000,       3448.27586207,         -0.08231831,    590,HtoI     _Age_51._75._Mar_-999._999._Fem_0._0._Kid_-999._999._Edu_-999._999._XP_-999._999._FXP_-999._999._Coh_-999._999._LFP_-999._999._FLFP_-999._999._Ass_0._0._Year_-999._999.                       
 113,          0.73389831,          0.78507000,       2631.57894737,          0.05117169,    590,HtoH     _Age_51._75._Mar_-999._999._Fem_0._0._Kid_-999._999._Edu_-999._999._XP_-999._999._FXP_-999._999._Coh_-999._999._LFP_-999._999._FLFP_-999._999._Ass_0._0._Year_-999._999.                       
 114,          0.07912639,          0.08952000,      25000.00000000,          0.01039361,   5586,Earning_Bins     _Age_51._75._Mar_-999._999._Fem_0._0._Kid_-999._999._Edu_-999._999._XP_-999._999._FXP_-999._999._Coh_-999._999._LFP_1._999._FLFP_1._1._Ass_-999._999._Year_-999._999.                  
 115,          0.29090584,          0.29415000,      10000.00000000,          0.00324416,   5586,Earning_Bins     _Age_51._75._Mar_-999._999._Fem_0._0._Kid_-999._999._Edu_-999._999._XP_-999._999._FXP_-999._999._Coh_-999._999._LFP_1._999._FLFP_1._1._Ass_-999._999._Year_-999._999.                  
 116,          0.25008951,          0.26709000,      10000.00000000,          0.01700049,   5586,Earning_Bins     _Age_51._75._Mar_-999._999._Fem_0._0._Kid_-999._999._Edu_-999._999._XP_-999._999._FXP_-999._999._Coh_-999._999._LFP_1._999._FLFP_1._1._Ass_-999._999._Year_-999._999.                  
 117,          0.13802363,          0.12346000,      20000.00000000,         -0.01456363,   5586,Earning_Bins     _Age_51._75._Mar_-999._999._Fem_0._0._Kid_-999._999._Edu_-999._999._XP_-999._999._FXP_-999._999._Coh_-999._999._LFP_1._999._FLFP_1._1._Ass_-999._999._Year_-999._999.                  
 118,          0.08825636,          0.06296000,      33333.33333333,         -0.02529636,   5586,Earning_Bins     _Age_51._75._Mar_-999._999._Fem_0._0._Kid_-999._999._Edu_-999._999._XP_-999._999._FXP_-999._999._Coh_-999._999._LFP_1._999._FLFP_1._1._Ass_-999._999._Year_-999._999.                  
 119,          0.15359828,          0.16281000,      14285.71428571,          0.00921172,   5586,Earning_Bins     _Age_51._75._Mar_-999._999._Fem_0._0._Kid_-999._999._Edu_-999._999._XP_-999._999._FXP_-999._999._Coh_-999._999._LFP_1._999._FLFP_1._1._Ass_-999._999._Year_-999._999.                  
 120,          0.30598053,          0.32387000,       8333.33333333,          0.01788947,   3595,Earning_Bins     _Age_51._75._Mar_-999._999._Fem_0._0._Kid_-999._999._Edu_-999._999._XP_-999._999._FXP_-999._999._Coh_-999._999._LFP_1._999._FLFP_0._0._Ass_-999._999._Year_-999._999.                  
 121,          0.28011127,          0.28659000,       9090.90909091,          0.00647873,   3595,Earning_Bins     _Age_51._75._Mar_-999._999._Fem_0._0._Kid_-999._999._Edu_-999._999._XP_-999._999._FXP_-999._999._Coh_-999._999._LFP_1._999._FLFP_0._0._Ass_-999._999._Year_-999._999.                  
 122,          0.15465925,          0.18308000,      12500.00000000,          0.02842075,   3595,Earning_Bins     _Age_51._75._Mar_-999._999._Fem_0._0._Kid_-999._999._Edu_-999._999._XP_-999._999._FXP_-999._999._Coh_-999._999._LFP_1._999._FLFP_0._0._Ass_-999._999._Year_-999._999.                  
 123,          0.08317107,          0.09794000,      20000.00000000,          0.01476893,   3595,Earning_Bins     _Age_51._75._Mar_-999._999._Fem_0._0._Kid_-999._999._Edu_-999._999._XP_-999._999._FXP_-999._999._Coh_-999._999._LFP_1._999._FLFP_0._0._Ass_-999._999._Year_-999._999.                  
 124,          0.05396384,          0.03673000,      50000.00000000,         -0.01723384,   3595,Earning_Bins     _Age_51._75._Mar_-999._999._Fem_0._0._Kid_-999._999._Edu_-999._999._XP_-999._999._FXP_-999._999._Coh_-999._999._LFP_1._999._FLFP_0._0._Ass_-999._999._Year_-999._999.                  
 125,          0.12211405,          0.07179000,      25000.00000000,         -0.05032405,   3595,Earning_Bins     _Age_51._75._Mar_-999._999._Fem_0._0._Kid_-999._999._Edu_-999._999._XP_-999._999._FXP_-999._999._Coh_-999._999._LFP_1._999._FLFP_0._0._Ass_-999._999._Year_-999._999.                  
 126,          0.16523297,          0.14210000,       9090.90909091,         -0.02313297,   2790,Earning_Bins     _Age_51._75._Mar_-999._999._Fem_1._1._Kid_-999._999._Edu_-999._999._XP_-999._999._FXP_-999._999._Coh_-999._999._LFP_1._999._FLFP_1._1._Ass_-999._999._Year_-999._999.                  
 127,          0.22186380,          0.34245000,       5000.00000000,          0.12058620,   2790,Earning_Bins     _Age_51._75._Mar_-999._999._Fem_1._1._Kid_-999._999._Edu_-999._999._XP_-999._999._FXP_-999._999._Coh_-999._999._LFP_1._999._FLFP_1._1._Ass_-999._999._Year_-999._999.                  
 128,          0.16344086,          0.18094000,       7692.30769231,          0.01749914,   2790,Earning_Bins     _Age_51._75._Mar_-999._999._Fem_1._1._Kid_-999._999._Edu_-999._999._XP_-999._999._FXP_-999._999._Coh_-999._999._LFP_1._999._FLFP_1._1._Ass_-999._999._Year_-999._999.                  
 129,          0.10896057,          0.08208000,      14285.71428571,         -0.02688057,   2790,Earning_Bins     _Age_51._75._Mar_-999._999._Fem_1._1._Kid_-999._999._Edu_-999._999._XP_-999._999._FXP_-999._999._Coh_-999._999._LFP_1._999._FLFP_1._1._Ass_-999._999._Year_-999._999.                  
 130,          0.08494624,          0.04413000,      25000.00000000,         -0.04081624,   2790,Earning_Bins     _Age_51._75._Mar_-999._999._Fem_1._1._Kid_-999._999._Edu_-999._999._XP_-999._999._FXP_-999._999._Coh_-999._999._LFP_1._999._FLFP_1._1._Ass_-999._999._Year_-999._999.                  
 131,          0.25555556,          0.20830000,       6666.66666667,         -0.04725556,   2790,Earning_Bins     _Age_51._75._Mar_-999._999._Fem_1._1._Kid_-999._999._Edu_-999._999._XP_-999._999._FXP_-999._999._Coh_-999._999._LFP_1._999._FLFP_1._1._Ass_-999._999._Year_-999._999.                  
 132,          0.67309304,          0.56940000,       4000.00000000,         -0.10369304,   2386,Earning_Bins     _Age_51._75._Mar_-999._999._Fem_1._1._Kid_-999._999._Edu_-999._999._XP_-999._999._FXP_-999._999._Coh_-999._999._LFP_1._999._FLFP_0._0._Ass_-999._999._Year_-999._999.                  
 133,          0.18524728,          0.24215000,       5263.15789474,          0.05690272,   2386,Earning_Bins     _Age_51._75._Mar_-999._999._Fem_1._1._Kid_-999._999._Edu_-999._999._XP_-999._999._FXP_-999._999._Coh_-999._999._LFP_1._999._FLFP_0._0._Ass_-999._999._Year_-999._999.                  
 134,          0.05951383,          0.08308000,      12500.00000000,          0.02356617,   2386,Earning_Bins     _Age_51._75._Mar_-999._999._Fem_1._1._Kid_-999._999._Edu_-999._999._XP_-999._999._FXP_-999._999._Coh_-999._999._LFP_1._999._FLFP_0._0._Ass_-999._999._Year_-999._999.                  
 135,          0.03478625,          0.04863000,      20000.00000000,          0.01384375,   2386,Earning_Bins     _Age_51._75._Mar_-999._999._Fem_1._1._Kid_-999._999._Edu_-999._999._XP_-999._999._FXP_-999._999._Coh_-999._999._LFP_1._999._FLFP_0._0._Ass_-999._999._Year_-999._999.                  
 136,          0.01550712,          0.01114000,     100000.00000000,         -0.00436712,   2386,Earning_Bins     _Age_51._75._Mar_-999._999._Fem_1._1._Kid_-999._999._Edu_-999._999._XP_-999._999._FXP_-999._999._Coh_-999._999._LFP_1._999._FLFP_0._0._Ass_-999._999._Year_-999._999.                  
 137,          0.03185247,          0.04559000,      25000.00000000,          0.01373753,   2386,Earning_Bins     _Age_51._75._Mar_-999._999._Fem_1._1._Kid_-999._999._Edu_-999._999._XP_-999._999._FXP_-999._999._Coh_-999._999._LFP_1._999._FLFP_0._0._Ass_-999._999._Year_-999._999.                  
 138,          0.06405473,          0.07268000,       5882.35294118,          0.00862527,   1608,Earning_Bins     _Age_51._75._Mar_-999._999._Fem_0._0._Kid_-999._999._Edu_8._11._XP_-999._999._FXP_-999._999._Coh_-999._999._LFP_1._999._FLFP_1._1._Ass_-999._999._Year_-999._999.                      
 139,          0.25995025,          0.26566000,       2040.81632653,          0.00570975,   1608,Earning_Bins     _Age_51._75._Mar_-999._999._Fem_0._0._Kid_-999._999._Edu_8._11._XP_-999._999._FXP_-999._999._Coh_-999._999._LFP_1._999._FLFP_1._1._Ass_-999._999._Year_-999._999.                      
 140,          0.19278607,          0.30827000,       1886.79245283,          0.11548393,   1608,Earning_Bins     _Age_51._75._Mar_-999._999._Fem_0._0._Kid_-999._999._Edu_8._11._XP_-999._999._FXP_-999._999._Coh_-999._999._LFP_1._999._FLFP_1._1._Ass_-999._999._Year_-999._999.                      
 141,          0.14738806,          0.16291000,       2941.17647059,          0.01552194,   1608,Earning_Bins     _Age_51._75._Mar_-999._999._Fem_0._0._Kid_-999._999._Edu_8._11._XP_-999._999._FXP_-999._999._Coh_-999._999._LFP_1._999._FLFP_1._1._Ass_-999._999._Year_-999._999.                      
 142,          0.11318408,          0.06015000,       7142.85714286,         -0.05303408,   1608,Earning_Bins     _Age_51._75._Mar_-999._999._Fem_0._0._Kid_-999._999._Edu_8._11._XP_-999._999._FXP_-999._999._Coh_-999._999._LFP_1._999._FLFP_1._1._Ass_-999._999._Year_-999._999.                      
 143,          0.22263682,          0.13033000,       3571.42857143,         -0.09230682,   1608,Earning_Bins     _Age_51._75._Mar_-999._999._Fem_0._0._Kid_-999._999._Edu_8._11._XP_-999._999._FXP_-999._999._Coh_-999._999._LFP_1._999._FLFP_1._1._Ass_-999._999._Year_-999._999.                      
 144,          0.16012085,          0.24598000,       2325.58139535,          0.08585915,    662,Earning_Bins     _Age_51._75._Mar_-999._999._Fem_0._0._Kid_-999._999._Edu_8._11._XP_-999._999._FXP_-999._999._Coh_-999._999._LFP_1._999._FLFP_0._0._Ass_-999._999._Year_-999._999.                      
 145,          0.27039275,          0.25057000,       2325.58139535,         -0.01982275,    662,Earning_Bins     _Age_51._75._Mar_-999._999._Fem_0._0._Kid_-999._999._Edu_8._11._XP_-999._999._FXP_-999._999._Coh_-999._999._LFP_1._999._FLFP_0._0._Ass_-999._999._Year_-999._999.                      
 146,          0.19637462,          0.25747000,       2272.72727273,          0.06109538,    662,Earning_Bins     _Age_51._75._Mar_-999._999._Fem_0._0._Kid_-999._999._Edu_8._11._XP_-999._999._FXP_-999._999._Coh_-999._999._LFP_1._999._FLFP_0._0._Ass_-999._999._Year_-999._999.                      
 147,          0.11631420,          0.14483000,       3571.42857143,          0.02851580,    662,Earning_Bins     _Age_51._75._Mar_-999._999._Fem_0._0._Kid_-999._999._Edu_8._11._XP_-999._999._FXP_-999._999._Coh_-999._999._LFP_1._999._FLFP_0._0._Ass_-999._999._Year_-999._999.                      
 148,          0.08157100,          0.03448000,      12500.00000000,         -0.04709100,    662,Earning_Bins     _Age_51._75._Mar_-999._999._Fem_0._0._Kid_-999._999._Edu_8._11._XP_-999._999._FXP_-999._999._Coh_-999._999._LFP_1._999._FLFP_0._0._Ass_-999._999._Year_-999._999.                      
 149,          0.17522659,          0.06667000,       7142.85714286,         -0.10855659,    662,Earning_Bins     _Age_51._75._Mar_-999._999._Fem_0._0._Kid_-999._999._Edu_8._11._XP_-999._999._FXP_-999._999._Coh_-999._999._LFP_1._999._FLFP_0._0._Ass_-999._999._Year_-999._999.                      
 150,          0.13576642,          0.09910000,       3703.70370370,         -0.03666642,    685,Earning_Bins     _Age_51._75._Mar_-999._999._Fem_1._1._Kid_-999._999._Edu_12._15._XP_-999._999._FXP_-999._999._Coh_-999._999._LFP_1._999._FLFP_1._1._Ass_-999._999._Year_-999._999.                     
 151,          0.16058394,          0.17117000,       2325.58139535,          0.01058606,    685,Earning_Bins     _Age_51._75._Mar_-999._999._Fem_1._1._Kid_-999._999._Edu_12._15._XP_-999._999._FXP_-999._999._Coh_-999._999._LFP_1._999._FLFP_1._1._Ass_-999._999._Year_-999._999.                     
 152,          0.14452555,          0.22222000,       1923.07692308,          0.07769445,    685,Earning_Bins     _Age_51._75._Mar_-999._999._Fem_1._1._Kid_-999._999._Edu_12._15._XP_-999._999._FXP_-999._999._Coh_-999._999._LFP_1._999._FLFP_1._1._Ass_-999._999._Year_-999._999.                     
 153,          0.11970803,          0.14114000,       2777.77777778,          0.02143197,    685,Earning_Bins     _Age_51._75._Mar_-999._999._Fem_1._1._Kid_-999._999._Edu_12._15._XP_-999._999._FXP_-999._999._Coh_-999._999._LFP_1._999._FLFP_1._1._Ass_-999._999._Year_-999._999.                     
 154,          0.08175182,          0.07808000,       4545.45454545,         -0.00367182,    685,Earning_Bins     _Age_51._75._Mar_-999._999._Fem_1._1._Kid_-999._999._Edu_12._15._XP_-999._999._FXP_-999._999._Coh_-999._999._LFP_1._999._FLFP_1._1._Ass_-999._999._Year_-999._999.                     
 155,          0.35766423,          0.28829000,       1612.90322581,         -0.06937423,    685,Earning_Bins     _Age_51._75._Mar_-999._999._Fem_1._1._Kid_-999._999._Edu_12._15._XP_-999._999._FXP_-999._999._Coh_-999._999._LFP_1._999._FLFP_1._1._Ass_-999._999._Year_-999._999.                     
 156,          0.24657534,          0.39267000,        800.00000000,          0.14609466,    146,Earning_Bins     _Age_51._75._Mar_-999._999._Fem_1._1._Kid_-999._999._Edu_12._15._XP_-999._999._FXP_-999._999._Coh_-999._999._LFP_1._999._FLFP_0._0._Ass_-999._999._Year_-999._999.                     
 157,          0.30136986,          0.21990000,       1111.11111111,         -0.08146986,    146,Earning_Bins     _Age_51._75._Mar_-999._999._Fem_1._1._Kid_-999._999._Edu_12._15._XP_-999._999._FXP_-999._999._Coh_-999._999._LFP_1._999._FLFP_0._0._Ass_-999._999._Year_-999._999.                     
 158,          0.19863014,          0.16230000,       1408.45070423,         -0.03633014,    146,Earning_Bins     _Age_51._75._Mar_-999._999._Fem_1._1._Kid_-999._999._Edu_12._15._XP_-999._999._FXP_-999._999._Coh_-999._999._LFP_1._999._FLFP_0._0._Ass_-999._999._Year_-999._999.                     
 159,          0.08904110,          0.09424000,       2222.22222222,          0.00519890,    146,Earning_Bins     _Age_51._75._Mar_-999._999._Fem_1._1._Kid_-999._999._Edu_12._15._XP_-999._999._FXP_-999._999._Coh_-999._999._LFP_1._999._FLFP_0._0._Ass_-999._999._Year_-999._999.                     
 160,          0.04109589,          0.02094000,       9090.90909091,         -0.02015589,    146,Earning_Bins     _Age_51._75._Mar_-999._999._Fem_1._1._Kid_-999._999._Edu_12._15._XP_-999._999._FXP_-999._999._Coh_-999._999._LFP_1._999._FLFP_0._0._Ass_-999._999._Year_-999._999.                     
 161,          0.12328767,          0.10995000,       1960.78431373,         -0.01333767,    146,Earning_Bins     _Age_51._75._Mar_-999._999._Fem_1._1._Kid_-999._999._Edu_12._15._XP_-999._999._FXP_-999._999._Coh_-999._999._LFP_1._999._FLFP_0._0._Ass_-999._999._Year_-999._999.                     
 162,          0.30000000,          0.24324000,        401.60642570,         -0.05676000,    110,ItoF<-0.5     _Age_51._75._Mar_-999._999._Fem_-999._999._Kid_-999._999._Edu_-999._999._XP_-999._999._FXP_-999._999._Coh_-999._999._LFP_1._999._FLFP_1._1._Ass_1._1._Year_0._0.                          
 163,          0.12727273,          0.16216000,        543.47826087,          0.03488727,    110,ItoF<0     _Age_51._75._Mar_-999._999._Fem_-999._999._Kid_-999._999._Edu_-999._999._XP_-999._999._FXP_-999._999._Coh_-999._999._LFP_1._999._FLFP_1._1._Ass_1._1._Year_0._0.                             
 164,          0.06363636,          0.13514000,        632.91139241,          0.07150364,    110,ItoF<0.25     _Age_51._75._Mar_-999._999._Fem_-999._999._Kid_-999._999._Edu_-999._999._XP_-999._999._FXP_-999._999._Coh_-999._999._LFP_1._999._FLFP_1._1._Ass_1._1._Year_0._0.                          
 165,          0.03636364,          0.08108000,        990.09900990,          0.04471636,    110,ItoF<0.5     _Age_51._75._Mar_-999._999._Fem_-999._999._Kid_-999._999._Edu_-999._999._XP_-999._999._FXP_-999._999._Coh_-999._999._LFP_1._999._FLFP_1._1._Ass_1._1._Year_0._0.                           
 166,          0.08181818,          0.10811000,        769.23076923,          0.02629182,    110,ItoF<0.75     _Age_51._75._Mar_-999._999._Fem_-999._999._Kid_-999._999._Edu_-999._999._XP_-999._999._FXP_-999._999._Coh_-999._999._LFP_1._999._FLFP_1._1._Ass_1._1._Year_0._0.                          
 167,          0.03636364,          0.05405000,       1449.27536232,          0.01768636,    110,ItoF<1     _Age_51._75._Mar_-999._999._Fem_-999._999._Kid_-999._999._Edu_-999._999._XP_-999._999._FXP_-999._999._Coh_-999._999._LFP_1._999._FLFP_1._1._Ass_1._1._Year_0._0.                             
 168,          0.35454545,          0.21622000,        436.68122271,         -0.13832545,    110,ItoF>1     _Age_51._75._Mar_-999._999._Fem_-999._999._Kid_-999._999._Edu_-999._999._XP_-999._999._FXP_-999._999._Coh_-999._999._LFP_1._999._FLFP_1._1._Ass_1._1._Year_0._0.                             
 169,          0.37267081,          0.32836000,        303.95136778,         -0.04431081,    161,FtoI<-0.5     _Age_51._75._Mar_-999._999._Fem_-999._999._Kid_-999._999._Edu_-999._999._XP_-999._999._FXP_-999._999._Coh_-999._999._LFP_1._999._FLFP_0._0._Ass_1._1._Year_1._1.                          
 170,          0.10559006,          0.29851000,        319.48881789,          0.19291994,    161,FtoI<0     _Age_51._75._Mar_-999._999._Fem_-999._999._Kid_-999._999._Edu_-999._999._XP_-999._999._FXP_-999._999._Coh_-999._999._LFP_1._999._FLFP_0._0._Ass_1._1._Year_1._1.                             
 171,          0.10559006,          0.14925000,        526.31578947,          0.04365994,    161,FtoI<0.25     _Age_51._75._Mar_-999._999._Fem_-999._999._Kid_-999._999._Edu_-999._999._XP_-999._999._FXP_-999._999._Coh_-999._999._LFP_1._999._FLFP_0._0._Ass_1._1._Year_1._1.                          
 172,          0.06211180,          0.02985000,       2325.58139535,         -0.03226180,    161,FtoI<0.5     _Age_51._75._Mar_-999._999._Fem_-999._999._Kid_-999._999._Edu_-999._999._XP_-999._999._FXP_-999._999._Coh_-999._999._LFP_1._999._FLFP_0._0._Ass_1._1._Year_1._1.                           
 173,          0.07453416,          0.08955000,        819.67213115,          0.01501584,    161,FtoI<0.75     _Age_51._75._Mar_-999._999._Fem_-999._999._Kid_-999._999._Edu_-999._999._XP_-999._999._FXP_-999._999._Coh_-999._999._LFP_1._999._FLFP_0._0._Ass_1._1._Year_1._1.                          
 174,          0.03726708,          0.02985000,       2325.58139535,         -0.00741708,    161,FtoI<1     _Age_51._75._Mar_-999._999._Fem_-999._999._Kid_-999._999._Edu_-999._999._XP_-999._999._FXP_-999._999._Coh_-999._999._LFP_1._999._FLFP_0._0._Ass_1._1._Year_1._1.                             
 175,          0.24223602,          0.07463000,        970.87378641,         -0.16760602,    161,FtoI>1     _Age_51._75._Mar_-999._999._Fem_-999._999._Kid_-999._999._Edu_-999._999._XP_-999._999._FXP_-999._999._Coh_-999._999._LFP_1._999._FLFP_0._0._Ass_1._1._Year_1._1.                             
 176,          0.29025570,          0.15400000,       4000.00000000,         -0.13625570,   1447,FtoF<-0.5     _Age_51._75._Mar_-999._999._Fem_-999._999._Kid_-999._999._Edu_-999._999._XP_-999._999._FXP_-999._999._Coh_-999._999._LFP_1._999._FLFP_1._1._Ass_1._1._Year_1._1.                          
 177,          0.35107118,          0.28460000,       2500.00000000,         -0.06647118,   1447,FtoF<0     _Age_51._75._Mar_-999._999._Fem_-999._999._Kid_-999._999._Edu_-999._999._XP_-999._999._FXP_-999._999._Coh_-999._999._LFP_1._999._FLFP_1._1._Ass_1._1._Year_1._1.                             
 178,          0.12093988,          0.14815000,       4000.00000000,          0.02721012,   1447,FtoF<0.25     _Age_51._75._Mar_-999._999._Fem_-999._999._Kid_-999._999._Edu_-999._999._XP_-999._999._FXP_-999._999._Coh_-999._999._LFP_1._999._FLFP_1._1._Ass_1._1._Year_1._1.                          
 179,          0.07394610,          0.11111000,       5263.15789474,          0.03716390,   1447,FtoF<0.5     _Age_51._75._Mar_-999._999._Fem_-999._999._Kid_-999._999._Edu_-999._999._XP_-999._999._FXP_-999._999._Coh_-999._999._LFP_1._999._FLFP_1._1._Ass_1._1._Year_1._1.                           
 180,          0.04146510,          0.07212000,       7692.30769231,          0.03065490,   1447,FtoF<0.75     _Age_51._75._Mar_-999._999._Fem_-999._999._Kid_-999._999._Edu_-999._999._XP_-999._999._FXP_-999._999._Coh_-999._999._LFP_1._999._FLFP_1._1._Ass_1._1._Year_1._1.                          
 181,          0.02418798,          0.03314000,      16666.66666667,          0.00895202,   1447,FtoF<1     _Age_51._75._Mar_-999._999._Fem_-999._999._Kid_-999._999._Edu_-999._999._XP_-999._999._FXP_-999._999._Coh_-999._999._LFP_1._999._FLFP_1._1._Ass_1._1._Year_1._1.                             
 182,          0.09813407,          0.19688000,       3225.80645161,          0.09874593,   1447,FtoF>1     _Age_51._75._Mar_-999._999._Fem_-999._999._Kid_-999._999._Edu_-999._999._XP_-999._999._FXP_-999._999._Coh_-999._999._LFP_1._999._FLFP_1._1._Ass_1._1._Year_1._1.                             
 183,          0.30949445,          0.22126000,       2000.00000000,         -0.08823445,    811,ItoI<-0.5     _Age_51._75._Mar_-999._999._Fem_-999._999._Kid_-999._999._Edu_-999._999._XP_-999._999._FXP_-999._999._Coh_-999._999._LFP_1._999._FLFP_0._0._Ass_1._1._Year_0._0.                          
 184,          0.21948212,          0.34483000,       1538.46153846,          0.12534788,    811,ItoI<0     _Age_51._75._Mar_-999._999._Fem_-999._999._Kid_-999._999._Edu_-999._999._XP_-999._999._FXP_-999._999._Coh_-999._999._LFP_1._999._FLFP_0._0._Ass_1._1._Year_0._0.                             
 185,          0.11220715,          0.11494000,       3448.27586207,          0.00273285,    811,ItoI<0.25     _Age_51._75._Mar_-999._999._Fem_-999._999._Kid_-999._999._Edu_-999._999._XP_-999._999._FXP_-999._999._Coh_-999._999._LFP_1._999._FLFP_0._0._Ass_1._1._Year_0._0.                          
 186,          0.08631319,          0.10345000,       3703.70370370,          0.01713681,    811,ItoI<0.5     _Age_51._75._Mar_-999._999._Fem_-999._999._Kid_-999._999._Edu_-999._999._XP_-999._999._FXP_-999._999._Coh_-999._999._LFP_1._999._FLFP_0._0._Ass_1._1._Year_0._0.                           
 187,          0.05672010,          0.02874000,      12500.00000000,         -0.02798010,    811,ItoI<0.75     _Age_51._75._Mar_-999._999._Fem_-999._999._Kid_-999._999._Edu_-999._999._XP_-999._999._FXP_-999._999._Coh_-999._999._LFP_1._999._FLFP_0._0._Ass_1._1._Year_0._0.                          
 188,          0.04069051,          0.01724000,      20000.00000000,         -0.02345051,    811,ItoI<1     _Age_51._75._Mar_-999._999._Fem_-999._999._Kid_-999._999._Edu_-999._999._XP_-999._999._FXP_-999._999._Coh_-999._999._LFP_1._999._FLFP_0._0._Ass_1._1._Year_0._0.                             
 189,          0.17509248,          0.16954000,       2500.00000000,         -0.00555248,    811,ItoI>1     _Age_51._75._Mar_-999._999._Fem_-999._999._Kid_-999._999._Edu_-999._999._XP_-999._999._FXP_-999._999._Coh_-999._999._LFP_1._999._FLFP_0._0._Ass_1._1._Year_0._0.                             
 190,          2.98643930,          1.91091000,          1.69213327,         -1.07552930,    510,Earnings     _Age_51._75._Mar_-999._999._Fem_0._0._Kid_-999._999._Edu_0._7._XP_0._25._FXP_-999._999._Coh_-999._999._LFP_1._999._FLFP_1._1._Ass_-999._999._Year_-999._999.                               
 191,          2.34346745,          2.34990000,          0.43026853,          0.00643255,   2391,Earnings     _Age_51._75._Mar_-999._999._Fem_0._0._Kid_-999._999._Edu_0._7._XP_26._999._FXP_-999._999._Coh_-999._999._LFP_1._999._FLFP_1._1._Ass_-999._999._Year_-999._999.                             
 192,          4.07698451,          2.52892000,          0.51629158,         -1.54806451,    204,Earnings     _Age_51._75._Mar_-999._999._Fem_0._0._Kid_-999._999._Edu_8._11._XP_0._25._FXP_-999._999._Coh_-999._999._LFP_1._999._FLFP_1._1._Ass_-999._999._Year_-999._999.                              
 193,          3.43356681,          3.18314000,          0.25472969,         -0.25042681,   1404,Earnings     _Age_51._75._Mar_-999._999._Fem_0._0._Kid_-999._999._Edu_8._11._XP_26._999._FXP_-999._999._Coh_-999._999._LFP_1._999._FLFP_1._1._Ass_-999._999._Year_-999._999.                            
 194,          6.31332915,          4.10937000,          0.07478117,         -2.20395915,     44,Earnings     _Age_51._75._Mar_-999._999._Fem_0._0._Kid_-999._999._Edu_12._15._XP_0._25._FXP_-999._999._Coh_-999._999._LFP_1._999._FLFP_1._1._Ass_-999._999._Year_-999._999.                             
 195,          4.19610607,          4.95831000,          0.08342447,          0.76220393,    833,Earnings     _Age_51._75._Mar_-999._999._Fem_0._0._Kid_-999._999._Edu_12._15._XP_26._999._FXP_-999._999._Coh_-999._999._LFP_1._999._FLFP_1._1._Ass_-999._999._Year_-999._999.                           
 196,          5.11144554,         10.83854000,          0.03550487,          5.72709446,    195,Earnings     _Age_51._75._Mar_-999._999._Fem_0._0._Kid_-999._999._Edu_16._999._XP_0._999._FXP_-999._999._Coh_-999._999._LFP_1._999._FLFP_1._1._Ass_-999._999._Year_-999._999.                           
 197,          5.11144554,         10.83854000,          0.03550487,          5.72709446,    195,Earnings     _Age_51._75._Mar_-999._999._Fem_0._0._Kid_-999._999._Edu_16._999._XP_0._999._FXP_-999._999._Coh_-999._999._LFP_1._999._FLFP_1._1._Ass_-999._999._Year_-999._999.                           
 198,          1.80922099,          1.01517000,          1.71553070,         -0.79405099,    564,Earnings     _Age_51._75._Mar_-999._999._Fem_0._0._Kid_-999._999._Edu_0._7._XP_0._25._FXP_-999._999._Coh_-999._999._LFP_1._999._FLFP_0._0._Ass_-999._999._Year_-999._999.                               
 199,          1.82670799,          1.66314000,          0.62379919,         -0.16356799,   1864,Earnings     _Age_51._75._Mar_-999._999._Fem_0._0._Kid_-999._999._Edu_0._7._XP_26._999._FXP_-999._999._Coh_-999._999._LFP_1._999._FLFP_0._0._Ass_-999._999._Year_-999._999.                             
 200,          2.64215504,          1.84762000,          0.67941706,         -0.79453504,     89,Earnings     _Age_51._75._Mar_-999._999._Fem_0._0._Kid_-999._999._Edu_8._11._XP_0._25._FXP_-999._999._Coh_-999._999._LFP_1._999._FLFP_0._0._Ass_-999._999._Year_-999._999.                              
 201,          3.41951682,          2.45455000,          0.37588474,         -0.96496682,    573,Earnings     _Age_51._75._Mar_-999._999._Fem_0._0._Kid_-999._999._Edu_8._11._XP_26._999._FXP_-999._999._Coh_-999._999._LFP_1._999._FLFP_0._0._Ass_-999._999._Year_-999._999.                            
 202,          4.89195393,          5.84465000,          0.01746463,          0.95269607,     44,Earnings     _Age_51._75._Mar_-999._999._Fem_0._0._Kid_-999._999._Edu_12._15._XP_0._25._FXP_-999._999._Coh_-999._999._LFP_1._999._FLFP_0._0._Ass_-999._999._Year_-999._999.                             
 203,          4.83187313,          3.83429000,          0.09104466,         -0.99758313,    381,Earnings     _Age_51._75._Mar_-999._999._Fem_0._0._Kid_-999._999._Edu_12._15._XP_26._999._FXP_-999._999._Coh_-999._999._LFP_1._999._FLFP_0._0._Ass_-999._999._Year_-999._999.                           
 204,          6.89184437,          8.37335000,          0.02329453,          1.48150563,     79,Earnings     _Age_51._75._Mar_-999._999._Fem_0._0._Kid_-999._999._Edu_16._999._XP_0._999._FXP_-999._999._Coh_-999._999._LFP_1._999._FLFP_0._0._Ass_-999._999._Year_-999._999.                           
 205,          6.89184437,          8.37335000,          0.02329453,          1.48150563,     79,Earnings     _Age_51._75._Mar_-999._999._Fem_0._0._Kid_-999._999._Edu_16._999._XP_0._999._FXP_-999._999._Coh_-999._999._LFP_1._999._FLFP_0._0._Ass_-999._999._Year_-999._999.                           
 206,          2.69875630,          1.48687000,          3.46632466,         -1.21188630,    356,Earnings     _Age_51._75._Mar_-999._999._Fem_1._1._Kid_-999._999._Edu_0._7._XP_0._15._FXP_-999._999._Coh_-999._999._LFP_1._999._FLFP_1._1._Ass_-999._999._Year_-999._999.                               
 207,          3.40528309,          1.41922000,          2.50331689,         -1.98606309,   1040,Earnings     _Age_51._75._Mar_-999._999._Fem_1._1._Kid_-999._999._Edu_0._7._XP_16._999._FXP_-999._999._Coh_-999._999._LFP_1._999._FLFP_1._1._Ass_-999._999._Year_-999._999.                             
 208,          3.50214436,          1.54893000,          1.93057647,         -1.95321436,    183,Earnings     _Age_51._75._Mar_-999._999._Fem_1._1._Kid_-999._999._Edu_8._11._XP_0._15._FXP_-999._999._Coh_-999._999._LFP_1._999._FLFP_1._1._Ass_-999._999._Year_-999._999.                              
 209,          4.74795493,          2.15619000,          0.91697691,         -2.59176493,    301,Earnings     _Age_51._75._Mar_-999._999._Fem_1._1._Kid_-999._999._Edu_8._11._XP_16._999._FXP_-999._999._Coh_-999._999._LFP_1._999._FLFP_1._1._Ass_-999._999._Year_-999._999.                            
 210,          5.21641905,          2.95263000,          0.31032867,         -2.26378905,    210,Earnings     _Age_51._75._Mar_-999._999._Fem_1._1._Kid_-999._999._Edu_12._15._XP_0._15._FXP_-999._999._Coh_-999._999._LFP_1._999._FLFP_1._1._Ass_-999._999._Year_-999._999.                             
 211,          5.95258532,          4.12996000,          0.18202370,         -1.82262532,    475,Earnings     _Age_51._75._Mar_-999._999._Fem_1._1._Kid_-999._999._Edu_12._15._XP_16._999._FXP_-999._999._Coh_-999._999._LFP_1._999._FLFP_1._1._Ass_-999._999._Year_-999._999.                           
 212,          6.94823051,          7.36207000,          0.11009118,          0.41383949,    225,Earnings     _Age_51._75._Mar_-999._999._Fem_1._1._Kid_-999._999._Edu_16._999._XP_0._999._FXP_-999._999._Coh_-999._999._LFP_1._999._FLFP_1._1._Ass_-999._999._Year_-999._999.                           
 213,          6.94823051,          7.36207000,          0.11009118,          0.41383949,    225,Earnings     _Age_51._75._Mar_-999._999._Fem_1._1._Kid_-999._999._Edu_16._999._XP_0._999._FXP_-999._999._Coh_-999._999._LFP_1._999._FLFP_1._1._Ass_-999._999._Year_-999._999.                           
 214,          0.70131202,          0.85067000,          1.76345072,          0.14935798,    931,Earnings     _Age_51._75._Mar_-999._999._Fem_1._1._Kid_-999._999._Edu_0._7._XP_0._15._FXP_-999._999._Coh_-999._999._LFP_1._999._FLFP_0._0._Ass_-999._999._Year_-999._999.                               
 215,          0.91881247,          1.14562000,          1.07551167,          0.22680753,    888,Earnings     _Age_51._75._Mar_-999._999._Fem_1._1._Kid_-999._999._Edu_0._7._XP_16._999._FXP_-999._999._Coh_-999._999._LFP_1._999._FLFP_0._0._Ass_-999._999._Year_-999._999.                             
 216,          1.46021527,          1.55668000,          0.50618303,          0.09646473,    196,Earnings     _Age_51._75._Mar_-999._999._Fem_1._1._Kid_-999._999._Edu_8._11._XP_0._15._FXP_-999._999._Coh_-999._999._LFP_1._999._FLFP_0._0._Ass_-999._999._Year_-999._999.                              
 217,          2.55461004,          1.38894000,          0.78654072,         -1.16567004,    186,Earnings     _Age_51._75._Mar_-999._999._Fem_1._1._Kid_-999._999._Edu_8._11._XP_16._999._FXP_-999._999._Coh_-999._999._LFP_1._999._FLFP_0._0._Ass_-999._999._Year_-999._999.                            
 218,          1.67623228,          1.18539000,          1.10492354,         -0.49084228,     60,Earnings     _Age_51._75._Mar_-999._999._Fem_1._1._Kid_-999._999._Edu_12._15._XP_0._15._FXP_-999._999._Coh_-999._999._LFP_1._999._FLFP_0._0._Ass_-999._999._Year_-999._999.                             
 219,          3.44543806,          3.20852000,          0.10193472,         -0.23691806,     86,Earnings     _Age_51._75._Mar_-999._999._Fem_1._1._Kid_-999._999._Edu_12._15._XP_16._999._FXP_-999._999._Coh_-999._999._LFP_1._999._FLFP_0._0._Ass_-999._999._Year_-999._999.                           
 220,          2.12848447,          4.94657000,          0.06370551,          2.81808553,     39,Earnings     _Age_51._75._Mar_-999._999._Fem_1._1._Kid_-999._999._Edu_16._999._XP_0._999._FXP_-999._999._Coh_-999._999._LFP_1._999._FLFP_0._0._Ass_-999._999._Year_-999._999.                           
 221,          2.12848447,          4.94657000,          0.06370551,          2.81808553,     39,Earnings     _Age_51._75._Mar_-999._999._Fem_1._1._Kid_-999._999._Edu_16._999._XP_0._999._FXP_-999._999._Coh_-999._999._LFP_1._999._FLFP_0._0._Ass_-999._999._Year_-999._999.                           
 222,          3.52133258,          1.84851000,          2.76655785,         -1.67282258,    292,Earnings     _Age_51._75._Mar_-999._999._Fem_0._0._Kid_-999._999._Edu_0._11._XP_0._20._FXP_-999._999._Coh_-999._999._LFP_1._999._FLFP_1._1._Ass_-999._999._Year_-999._999.                              
 223,          3.29744915,          2.65400000,          0.22662427,         -0.64344915,   1536,Earnings     _Age_51._75._Mar_-999._999._Fem_0._0._Kid_-999._999._Edu_0._11._XP_20._30._FXP_-999._999._Coh_-999._999._LFP_1._999._FLFP_1._1._Ass_-999._999._Year_-999._999.                             
 224,          2.64172472,          2.56366000,          0.39258486,         -0.07806472,   2203,Earnings     _Age_51._75._Mar_-999._999._Fem_0._0._Kid_-999._999._Edu_0._11._XP_30._40._FXP_-999._999._Coh_-999._999._LFP_1._999._FLFP_1._1._Ass_-999._999._Year_-999._999.                             
 225,          1.81154140,          2.46957000,          0.54593795,          0.65802860,    478,Earnings     _Age_51._75._Mar_-999._999._Fem_0._0._Kid_-999._999._Edu_0._11._XP_40._999._FXP_-999._999._Coh_-999._999._LFP_1._999._FLFP_1._1._Ass_-999._999._Year_-999._999.                            
 226,          3.57124986,          3.30621000,          0.13162606,         -0.26503986,     20,Earnings     _Age_51._75._Mar_-999._999._Fem_0._0._Kid_-999._999._Edu_12._999._XP_0._20._FXP_-999._999._Coh_-999._999._LFP_1._999._FLFP_1._1._Ass_-999._999._Year_-999._999.                            
 227,          5.62409344,          6.73929000,          0.03896331,          1.11519656,    328,Earnings     _Age_51._75._Mar_-999._999._Fem_0._0._Kid_-999._999._Edu_12._999._XP_20._30._FXP_-999._999._Coh_-999._999._LFP_1._999._FLFP_1._1._Ass_-999._999._Year_-999._999.                           
 228,          4.04130846,          6.02739000,          0.05006581,          1.98608154,    603,Earnings     _Age_51._75._Mar_-999._999._Fem_0._0._Kid_-999._999._Edu_12._999._XP_30._40._FXP_-999._999._Coh_-999._999._LFP_1._999._FLFP_1._1._Ass_-999._999._Year_-999._999.                           
 229,          3.44494279,          5.78533000,          0.05616315,          2.34038721,    121,Earnings     _Age_51._75._Mar_-999._999._Fem_0._0._Kid_-999._999._Edu_12._999._XP_40._999._FXP_-999._999._Coh_-999._999._LFP_1._999._FLFP_1._1._Ass_-999._999._Year_-999._999.                          
 230,          1.93403010,          1.24762000,          1.14855397,         -0.68641010,    363,Earnings     _Age_51._75._Mar_-999._999._Fem_0._0._Kid_-999._999._Edu_0._11._XP_0._20._FXP_-999._999._Coh_-999._999._LFP_1._999._FLFP_0._0._Ass_-999._999._Year_-999._999.                              
 231,          2.20674100,          1.52547000,          0.49686725,         -0.68127100,   1032,Earnings     _Age_51._75._Mar_-999._999._Fem_0._0._Kid_-999._999._Edu_0._11._XP_20._30._FXP_-999._999._Coh_-999._999._LFP_1._999._FLFP_0._0._Ass_-999._999._Year_-999._999.                             
 232,          2.38552405,          2.06332000,          0.45074282,         -0.32220405,   1163,Earnings     _Age_51._75._Mar_-999._999._Fem_0._0._Kid_-999._999._Edu_0._11._XP_30._40._FXP_-999._999._Coh_-999._999._LFP_1._999._FLFP_0._0._Ass_-999._999._Year_-999._999.                             
 233,          1.62809240,          1.80270000,          0.69570057,          0.17460760,    532,Earnings     _Age_51._75._Mar_-999._999._Fem_0._0._Kid_-999._999._Edu_0._11._XP_40._999._FXP_-999._999._Coh_-999._999._LFP_1._999._FLFP_0._0._Ass_-999._999._Year_-999._999.                            
 234,          5.91633746,          7.77903000,          0.01386180,          1.86269254,     31,Earnings     _Age_51._75._Mar_-999._999._Fem_0._0._Kid_-999._999._Edu_12._999._XP_0._20._FXP_-999._999._Coh_-999._999._LFP_1._999._FLFP_0._0._Ass_-999._999._Year_-999._999.                            
 235,          5.51340544,          4.36427000,          0.04558500,         -1.14913544,    197,Earnings     _Age_51._75._Mar_-999._999._Fem_0._0._Kid_-999._999._Edu_12._999._XP_20._30._FXP_-999._999._Coh_-999._999._LFP_1._999._FLFP_0._0._Ass_-999._999._Year_-999._999.                           
 236,          4.91599222,          4.55951000,          0.06044374,         -0.35648222,    213,Earnings     _Age_51._75._Mar_-999._999._Fem_0._0._Kid_-999._999._Edu_12._999._XP_30._40._FXP_-999._999._Coh_-999._999._LFP_1._999._FLFP_0._0._Ass_-999._999._Year_-999._999.                           
 237,          4.50780420,          4.91081000,          0.04208797,          0.40300580,     63,Earnings     _Age_51._75._Mar_-999._999._Fem_0._0._Kid_-999._999._Edu_12._999._XP_40._999._FXP_-999._999._Coh_-999._999._LFP_1._999._FLFP_0._0._Ass_-999._999._Year_-999._999.                          
 238,          2.79682266,          1.58515000,          2.83631619,         -1.21167266,    324,Earnings     _Age_51._75._Mar_-999._999._Fem_1._1._Kid_-999._999._Edu_0._11._XP_0._10._FXP_-999._999._Coh_-999._999._LFP_1._999._FLFP_1._1._Ass_-999._999._Year_-999._999.                              
 239,          3.73112713,          1.43121000,          2.21808180,         -2.29991713,    416,Earnings     _Age_51._75._Mar_-999._999._Fem_1._1._Kid_-999._999._Edu_0._11._XP_10._20._FXP_-999._999._Coh_-999._999._LFP_1._999._FLFP_1._1._Ass_-999._999._Year_-999._999.                             
 240,          3.24861533,          1.70114000,          1.41924496,         -1.54747533,    623,Earnings     _Age_51._75._Mar_-999._999._Fem_1._1._Kid_-999._999._Edu_0._11._XP_20._30._FXP_-999._999._Coh_-999._999._LFP_1._999._FLFP_1._1._Ass_-999._999._Year_-999._999.                             
 241,          4.04269193,          2.05578000,          0.90150190,         -1.98691193,    517,Earnings     _Age_51._75._Mar_-999._999._Fem_1._1._Kid_-999._999._Edu_0._11._XP_30._999._FXP_-999._999._Coh_-999._999._LFP_1._999._FLFP_1._1._Ass_-999._999._Year_-999._999.                            
 242,          5.88468791,          3.42448000,          0.25013945,         -2.46020791,    185,Earnings     _Age_51._75._Mar_-999._999._Fem_1._1._Kid_-999._999._Edu_12._999._XP_0._10._FXP_-999._999._Coh_-999._999._LFP_1._999._FLFP_1._1._Ass_-999._999._Year_-999._999.                            
 243,          4.81443424,          3.81722000,          0.14782010,         -0.99721424,    178,Earnings     _Age_51._75._Mar_-999._999._Fem_1._1._Kid_-999._999._Edu_12._999._XP_10._20._FXP_-999._999._Coh_-999._999._LFP_1._999._FLFP_1._1._Ass_-999._999._Year_-999._999.                           
 244,          5.80298514,          5.31759000,          0.11485777,         -0.48539514,    342,Earnings     _Age_51._75._Mar_-999._999._Fem_1._1._Kid_-999._999._Edu_12._999._XP_20._30._FXP_-999._999._Coh_-999._999._LFP_1._999._FLFP_1._1._Ass_-999._999._Year_-999._999.                           
 245,          7.59034350,          5.96393000,          0.09747073,         -1.62641350,    205,Earnings     _Age_51._75._Mar_-999._999._Fem_1._1._Kid_-999._999._Edu_12._999._XP_30._999._FXP_-999._999._Coh_-999._999._LFP_1._999._FLFP_1._1._Ass_-999._999._Year_-999._999.                          
 246,          0.85918029,          1.14364000,          0.87908997,          0.28445971,    857,Earnings     _Age_51._75._Mar_-999._999._Fem_1._1._Kid_-999._999._Edu_0._11._XP_0._10._FXP_-999._999._Coh_-999._999._LFP_1._999._FLFP_0._0._Ass_-999._999._Year_-999._999.                              
 247,          0.83889188,          1.09010000,          0.87082223,          0.25120812,    586,Earnings     _Age_51._75._Mar_-999._999._Fem_1._1._Kid_-999._999._Edu_0._11._XP_10._20._FXP_-999._999._Coh_-999._999._LFP_1._999._FLFP_0._0._Ass_-999._999._Year_-999._999.                             
 248,          1.39117452,          1.15881000,          1.01827809,         -0.23236452,    429,Earnings     _Age_51._75._Mar_-999._999._Fem_1._1._Kid_-999._999._Edu_0._11._XP_20._30._FXP_-999._999._Coh_-999._999._LFP_1._999._FLFP_0._0._Ass_-999._999._Year_-999._999.                             
 249,          1.23241523,          1.33962000,          0.84322720,          0.10720477,    329,Earnings     _Age_51._75._Mar_-999._999._Fem_1._1._Kid_-999._999._Edu_0._11._XP_30._999._FXP_-999._999._Coh_-999._999._LFP_1._999._FLFP_0._0._Ass_-999._999._Year_-999._999.                            
 250,          1.66835585,          1.13527000,          1.15204719,         -0.53308585,     49,Earnings     _Age_51._75._Mar_-999._999._Fem_1._1._Kid_-999._999._Edu_12._999._XP_0._10._FXP_-999._999._Coh_-999._999._LFP_1._999._FLFP_0._0._Ass_-999._999._Year_-999._999.                            
 251,          1.98202436,          2.91230000,          0.10293467,          0.93027564,     43,Earnings     _Age_51._75._Mar_-999._999._Fem_1._1._Kid_-999._999._Edu_12._999._XP_10._20._FXP_-999._999._Coh_-999._999._LFP_1._999._FLFP_0._0._Ass_-999._999._Year_-999._999.                           
 252,          2.94845692,          3.53575000,          0.08959763,          0.58729308,     58,Earnings     _Age_51._75._Mar_-999._999._Fem_1._1._Kid_-999._999._Edu_12._999._XP_20._30._FXP_-999._999._Coh_-999._999._LFP_1._999._FLFP_0._0._Ass_-999._999._Year_-999._999.                           
 253,          4.05444339,          3.65434000,          0.08873288,         -0.40010339,     35,Earnings     _Age_51._75._Mar_-999._999._Fem_1._1._Kid_-999._999._Edu_12._999._XP_30._999._FXP_-999._999._Coh_-999._999._LFP_1._999._FLFP_0._0._Ass_-999._999._Year_-999._999.                          
 254,          3.43518546,          3.46754000,          0.10389222,          0.03235454,   4495,Earnings     _Age_51._75._Mar_-999._999._Fem_-999._999._Kid_-999._999._Edu_-999._999._XP_-999._999._FXP_-999._999._Coh_-999._50._LFP_1._999._FLFP_1._1._Ass_-999._999._Year_-999._999.                  
 255,          3.43336465,          3.06194000,          0.16405437,         -0.37142465,   1337,Earnings     _Age_51._75._Mar_-999._999._Fem_-999._999._Kid_-999._999._Edu_-999._999._XP_-999._999._FXP_-999._999._Coh_51._52._LFP_1._999._FLFP_1._1._Ass_-999._999._Year_-999._999.                    
 256,          3.76828030,          3.74599000,          0.08201757,         -0.02229030,   2544,Earnings     _Age_51._75._Mar_-999._999._Fem_-999._999._Kid_-999._999._Edu_-999._999._XP_-999._999._FXP_-999._999._Coh_53._999._LFP_1._999._FLFP_1._1._Ass_-999._999._Year_-999._999.                   
 257,          1.87770261,          2.03753000,          0.15942022,          0.15982739,   3329,Earnings     _Age_51._75._Mar_-999._999._Fem_-999._999._Kid_-999._999._Edu_-999._999._XP_-999._999._FXP_-999._999._Coh_-999._50._LFP_1._999._FLFP_0._0._Ass_-999._999._Year_-999._999.                  
 258,          2.06399976,          2.07763000,          0.21945177,          0.01363024,    906,Earnings     _Age_51._75._Mar_-999._999._Fem_-999._999._Kid_-999._999._Edu_-999._999._XP_-999._999._FXP_-999._999._Coh_51._52._LFP_1._999._FLFP_0._0._Ass_-999._999._Year_-999._999.                    
