 i, m(i) , mdata(i) , weights(i) , loss(1,i) ,nobs(i)
   1,          0.10235581,          0.10851000,       6250.00000000,          0.00615419,   1231,0_Assets     _Age_51._55._Mar_1._1._Fem_-999._999._Kid_-999._999._Edu_-999._999._XP_-999._999._FXP_-999._999._Coh_-999._999._LFP_-999._999._FLFP_-999._999._Ass_-999._999._Year_-999._999.              
   2,          0.10450450,          0.06216000,       9090.90909091,         -0.04234450,   1110,0_Assets     _Age_56._61._Mar_1._1._Fem_-999._999._Kid_-999._999._Edu_-999._999._XP_-999._999._FXP_-999._999._Coh_-999._999._LFP_-999._999._FLFP_-999._999._Ass_-999._999._Year_-999._999.              
   3,          0.09382423,          0.07452000,       5882.35294118,         -0.01930423,    842,0_Assets     _Age_61._66._Mar_1._1._Fem_-999._999._Kid_-999._999._Edu_-999._999._XP_-999._999._FXP_-999._999._Coh_-999._999._LFP_-999._999._FLFP_-999._999._Ass_-999._999._Year_-999._999.              
   4,          0.17434211,          0.17834000,       1075.26881720,          0.00399789,    304,0_Assets     _Age_51._55._Mar_0._0._Fem_1._1._Kid_-999._999._Edu_-999._999._XP_-999._999._FXP_-999._999._Coh_-999._999._LFP_-999._999._FLFP_-999._999._Ass_-999._999._Year_-999._999.                   
   5,          0.22591362,          0.15287000,       1219.51219512,         -0.07304362,    301,0_Assets     _Age_56._61._Mar_0._0._Fem_1._1._Kid_-999._999._Edu_-999._999._XP_-999._999._FXP_-999._999._Coh_-999._999._LFP_-999._999._FLFP_-999._999._Ass_-999._999._Year_-999._999.                   
   6,          0.18589744,          0.16352000,       1162.79069767,         -0.02237744,    312,0_Assets     _Age_61._66._Mar_0._0._Fem_1._1._Kid_-999._999._Edu_-999._999._XP_-999._999._FXP_-999._999._Coh_-999._999._LFP_-999._999._FLFP_-999._999._Ass_-999._999._Year_-999._999.                   
   7,          0.13471503,          0.17241000,        609.75609756,          0.03769497,    193,0_Assets     _Age_51._55._Mar_0._0._Fem_0._0._Kid_-999._999._Edu_-999._999._XP_-999._999._FXP_-999._999._Coh_-999._999._LFP_-999._999._FLFP_-999._999._Ass_-999._999._Year_-999._999.                   
   8,          0.14388489,          0.22857000,        396.82539683,          0.08468511,    139,0_Assets     _Age_56._61._Mar_0._0._Fem_0._0._Kid_-999._999._Edu_-999._999._XP_-999._999._FXP_-999._999._Coh_-999._999._LFP_-999._999._FLFP_-999._999._Ass_-999._999._Year_-999._999.                   
   9,          0.15447154,          0.37500000,        238.66348449,          0.22052846,    123,0_Assets     _Age_61._66._Mar_0._0._Fem_0._0._Kid_-999._999._Edu_-999._999._XP_-999._999._FXP_-999._999._Coh_-999._999._LFP_-999._999._FLFP_-999._999._Ass_-999._999._Year_-999._999.                   
  10,          0.32412673,          0.22204000,       3448.27586207,         -0.10208673,   1231,Assets<5     _Age_51._55._Mar_1._1._Fem_-999._999._Kid_-999._999._Edu_-999._999._XP_-999._999._FXP_-999._999._Coh_-999._999._LFP_-999._999._FLFP_-999._999._Ass_-999._999._Year_-999._999.              
  11,          0.29189189,          0.17733000,       3703.70370370,         -0.11456189,   1110,Assets<5     _Age_56._61._Mar_1._1._Fem_-999._999._Kid_-999._999._Edu_-999._999._XP_-999._999._FXP_-999._999._Coh_-999._999._LFP_-999._999._FLFP_-999._999._Ass_-999._999._Year_-999._999.              
  12,          0.29097387,          0.18510000,       2777.77777778,         -0.10587387,    842,Assets<5     _Age_61._66._Mar_1._1._Fem_-999._999._Kid_-999._999._Edu_-999._999._XP_-999._999._FXP_-999._999._Coh_-999._999._LFP_-999._999._FLFP_-999._999._Ass_-999._999._Year_-999._999.              
  13,          0.48684211,          0.18471000,       1041.66666667,         -0.30213211,    304,Assets<5     _Age_51._55._Mar_0._0._Fem_1._1._Kid_-999._999._Edu_-999._999._XP_-999._999._FXP_-999._999._Coh_-999._999._LFP_-999._999._FLFP_-999._999._Ass_-999._999._Year_-999._999.                   
  14,          0.36877076,          0.22293000,        909.09090909,         -0.14584076,    301,Assets<5     _Age_56._61._Mar_0._0._Fem_1._1._Kid_-999._999._Edu_-999._999._XP_-999._999._FXP_-999._999._Coh_-999._999._LFP_-999._999._FLFP_-999._999._Ass_-999._999._Year_-999._999.                   
  15,          0.41025641,          0.26415000,        819.67213115,         -0.14610641,    312,Assets<5     _Age_61._66._Mar_0._0._Fem_1._1._Kid_-999._999._Edu_-999._999._XP_-999._999._FXP_-999._999._Coh_-999._999._LFP_-999._999._FLFP_-999._999._Ass_-999._999._Year_-999._999.                   
  16,          0.43005181,          0.17241000,        609.75609756,         -0.25764181,    193,Assets<5     _Age_51._55._Mar_0._0._Fem_0._0._Kid_-999._999._Edu_-999._999._XP_-999._999._FXP_-999._999._Coh_-999._999._LFP_-999._999._FLFP_-999._999._Ass_-999._999._Year_-999._999.                   
  17,          0.34532374,          0.22857000,        396.82539683,         -0.11675374,    139,Assets<5     _Age_56._61._Mar_0._0._Fem_0._0._Kid_-999._999._Edu_-999._999._XP_-999._999._FXP_-999._999._Coh_-999._999._LFP_-999._999._FLFP_-999._999._Ass_-999._999._Year_-999._999.                   
  18,          0.50406504,          0.21429000,        332.22591362,         -0.28977504,    123,Assets<5     _Age_61._66._Mar_0._0._Fem_0._0._Kid_-999._999._Edu_-999._999._XP_-999._999._FXP_-999._999._Coh_-999._999._LFP_-999._999._FLFP_-999._999._Ass_-999._999._Year_-999._999.                   
  19,          0.11291633,          0.16694000,       4347.82608696,          0.05402367,   1231,Assets<10     _Age_51._55._Mar_1._1._Fem_-999._999._Kid_-999._999._Edu_-999._999._XP_-999._999._FXP_-999._999._Coh_-999._999._LFP_-999._999._FLFP_-999._999._Ass_-999._999._Year_-999._999.             
  20,          0.11531532,          0.18099000,       3703.70370370,          0.06567468,   1110,Assets<10     _Age_56._61._Mar_1._1._Fem_-999._999._Kid_-999._999._Edu_-999._999._XP_-999._999._FXP_-999._999._Coh_-999._999._LFP_-999._999._FLFP_-999._999._Ass_-999._999._Year_-999._999.             
  21,          0.12114014,          0.16346000,       3030.30303030,          0.04231986,    842,Assets<10     _Age_61._66._Mar_1._1._Fem_-999._999._Kid_-999._999._Edu_-999._999._XP_-999._999._FXP_-999._999._Coh_-999._999._LFP_-999._999._FLFP_-999._999._Ass_-999._999._Year_-999._999.             
  22,          0.12171053,          0.15924000,       1176.47058824,          0.03752947,    304,Assets<10     _Age_51._55._Mar_0._0._Fem_1._1._Kid_-999._999._Edu_-999._999._XP_-999._999._FXP_-999._999._Coh_-999._999._LFP_-999._999._FLFP_-999._999._Ass_-999._999._Year_-999._999.                  
  23,          0.06976744,          0.14650000,       1250.00000000,          0.07673256,    301,Assets<10     _Age_56._61._Mar_0._0._Fem_1._1._Kid_-999._999._Edu_-999._999._XP_-999._999._FXP_-999._999._Coh_-999._999._LFP_-999._999._FLFP_-999._999._Ass_-999._999._Year_-999._999.                  
  24,          0.11217949,          0.14465000,       1282.05128205,          0.03247051,    312,Assets<10     _Age_61._66._Mar_0._0._Fem_1._1._Kid_-999._999._Edu_-999._999._XP_-999._999._FXP_-999._999._Coh_-999._999._LFP_-999._999._FLFP_-999._999._Ass_-999._999._Year_-999._999.                  
  25,          0.20207254,          0.16092000,        645.16129032,         -0.04115254,    193,Assets<10     _Age_51._55._Mar_0._0._Fem_0._0._Kid_-999._999._Edu_-999._999._XP_-999._999._FXP_-999._999._Coh_-999._999._LFP_-999._999._FLFP_-999._999._Ass_-999._999._Year_-999._999.                  
  26,          0.16546763,          0.18571000,        462.96296296,          0.02024237,    139,Assets<10     _Age_56._61._Mar_0._0._Fem_0._0._Kid_-999._999._Edu_-999._999._XP_-999._999._FXP_-999._999._Coh_-999._999._LFP_-999._999._FLFP_-999._999._Ass_-999._999._Year_-999._999.                  
  27,          0.10569106,          0.12500000,        512.82051282,          0.01930894,    123,Assets<10     _Age_61._66._Mar_0._0._Fem_0._0._Kid_-999._999._Edu_-999._999._XP_-999._999._FXP_-999._999._Coh_-999._999._LFP_-999._999._FLFP_-999._999._Ass_-999._999._Year_-999._999.                  
  28,          0.46060114,          0.33556000,       2702.70270270,         -0.12504114,   1231,Assets>10     _Age_51._55._Mar_1._1._Fem_-999._999._Kid_-999._999._Edu_-999._999._XP_-999._999._FXP_-999._999._Coh_-999._999._LFP_-999._999._FLFP_-999._999._Ass_-999._999._Year_-999._999.             
  29,          0.48828829,          0.37477000,       2325.58139535,         -0.11351829,   1110,Assets>10     _Age_56._61._Mar_1._1._Fem_-999._999._Kid_-999._999._Edu_-999._999._XP_-999._999._FXP_-999._999._Coh_-999._999._LFP_-999._999._FLFP_-999._999._Ass_-999._999._Year_-999._999.             
  30,          0.49406176,          0.38702000,       1754.38596491,         -0.10704176,    842,Assets>10     _Age_61._66._Mar_1._1._Fem_-999._999._Kid_-999._999._Edu_-999._999._XP_-999._999._FXP_-999._999._Coh_-999._999._LFP_-999._999._FLFP_-999._999._Ass_-999._999._Year_-999._999.             
  31,          0.21710526,          0.29299000,        757.57575758,          0.07588474,    304,Assets>10     _Age_51._55._Mar_0._0._Fem_1._1._Kid_-999._999._Edu_-999._999._XP_-999._999._FXP_-999._999._Coh_-999._999._LFP_-999._999._FLFP_-999._999._Ass_-999._999._Year_-999._999.                  
  32,          0.33554817,          0.33121000,        709.21985816,         -0.00433817,    301,Assets>10     _Age_56._61._Mar_0._0._Fem_1._1._Kid_-999._999._Edu_-999._999._XP_-999._999._FXP_-999._999._Coh_-999._999._LFP_-999._999._FLFP_-999._999._Ass_-999._999._Year_-999._999.                  
  33,          0.29166667,          0.28931000,        775.19379845,         -0.00235667,    312,Assets>10     _Age_61._66._Mar_0._0._Fem_1._1._Kid_-999._999._Edu_-999._999._XP_-999._999._FXP_-999._999._Coh_-999._999._LFP_-999._999._FLFP_-999._999._Ass_-999._999._Year_-999._999.                  
  34,          0.23316062,          0.25287000,        460.82949309,          0.01970938,    193,Assets>10     _Age_51._55._Mar_0._0._Fem_0._0._Kid_-999._999._Edu_-999._999._XP_-999._999._FXP_-999._999._Coh_-999._999._LFP_-999._999._FLFP_-999._999._Ass_-999._999._Year_-999._999.                  
  35,          0.34532374,          0.24286000,        380.22813688,         -0.10246374,    139,Assets>10     _Age_56._61._Mar_0._0._Fem_0._0._Kid_-999._999._Edu_-999._999._XP_-999._999._FXP_-999._999._Coh_-999._999._LFP_-999._999._FLFP_-999._999._Ass_-999._999._Year_-999._999.                  
  36,          0.23577236,          0.17857000,        381.67938931,         -0.05720236,    123,Assets>10     _Age_61._66._Mar_0._0._Fem_0._0._Kid_-999._999._Edu_-999._999._XP_-999._999._FXP_-999._999._Coh_-999._999._LFP_-999._999._FLFP_-999._999._Ass_-999._999._Year_-999._999.                  
  37,          0.86130341,          0.79890000,      12500.00000000,         -0.06240341,   4189,LFP     _Age_51._55._Mar_-999._999._Fem_0._0._Kid_-999._999._Edu_-999._999._XP_-999._999._FXP_-999._999._Coh_-999._999._LFP_-999._999._FLFP_-999._999._Ass_-999._999._Year_-999._999.                   
  38,          0.83860080,          0.71456000,       7692.30769231,         -0.12404080,   3259,LFP     _Age_56._60._Mar_-999._999._Fem_0._0._Kid_-999._999._Edu_-999._999._XP_-999._999._FXP_-999._999._Coh_-999._999._LFP_-999._999._FLFP_-999._999._Ass_-999._999._Year_-999._999.                   
  39,          0.72276484,          0.56573000,       5263.15789474,         -0.15703484,   2662,LFP     _Age_61._65._Mar_-999._999._Fem_0._0._Kid_-999._999._Edu_-999._999._XP_-999._999._FXP_-999._999._Coh_-999._999._LFP_-999._999._FLFP_-999._999._Ass_-999._999._Year_-999._999.                   
  40,          0.36096537,          0.29718000,       4347.82608696,         -0.06378537,   1906,LFP     _Age_66._70._Mar_-999._999._Fem_0._0._Kid_-999._999._Edu_-999._999._XP_-999._999._FXP_-999._999._Coh_-999._999._LFP_-999._999._FLFP_-999._999._Ass_-999._999._Year_-999._999.                   
  41,          0.20383693,          0.17230000,       4347.82608696,         -0.03153693,   1251,LFP     _Age_71._75._Mar_-999._999._Fem_0._0._Kid_-999._999._Edu_-999._999._XP_-999._999._FXP_-999._999._Coh_-999._999._LFP_-999._999._FLFP_-999._999._Ass_-999._999._Year_-999._999.                   
  42,          0.57847682,          0.38593000,       2439.02439024,         -0.19254682,   3020,LFP     _Age_51._55._Mar_1._1._Fem_1._1._Kid_-999._999._Edu_-999._999._XP_-999._999._FXP_-999._999._Coh_-999._999._LFP_-999._999._FLFP_-999._999._Ass_-999._999._Year_-999._999.                        
  43,          0.32164563,          0.35236000,       1754.38596491,          0.03071437,   2139,LFP     _Age_56._60._Mar_1._1._Fem_1._1._Kid_-999._999._Edu_-999._999._XP_-999._999._FXP_-999._999._Coh_-999._999._LFP_-999._999._FLFP_-999._999._Ass_-999._999._Year_-999._999.                        
  44,          0.21812081,          0.11498000,       2857.14285714,         -0.10314081,   1490,LFP     _Age_61._65._Mar_1._1._Fem_1._1._Kid_-999._999._Edu_-999._999._XP_-999._999._FXP_-999._999._Coh_-999._999._LFP_-999._999._FLFP_-999._999._Ass_-999._999._Year_-999._999.                        
  45,          0.11468382,          0.04520000,       4166.66666667,         -0.06948382,    933,LFP     _Age_66._70._Mar_1._1._Fem_1._1._Kid_-999._999._Edu_-999._999._XP_-999._999._FXP_-999._999._Coh_-999._999._LFP_-999._999._FLFP_-999._999._Ass_-999._999._Year_-999._999.                        
  46,          0.03797468,          0.03623000,       4000.00000000,         -0.00174468,    711,LFP     _Age_71._75._Mar_1._1._Fem_1._1._Kid_-999._999._Edu_-999._999._XP_-999._999._FXP_-999._999._Coh_-999._999._LFP_-999._999._FLFP_-999._999._Ass_-999._999._Year_-999._999.                        
  47,          0.77309868,          0.61279000,       1250.00000000,         -0.16030868,   1591,LFP     _Age_51._55._Mar_0._0._Fem_1._1._Kid_-999._999._Edu_-999._999._XP_-999._999._FXP_-999._999._Coh_-999._999._LFP_-999._999._FLFP_-999._999._Ass_-999._999._Year_-999._999.                        
  48,          0.63175123,          0.41079000,       1000.00000000,         -0.22096123,   1222,LFP     _Age_56._60._Mar_0._0._Fem_1._1._Kid_-999._999._Edu_-999._999._XP_-999._999._FXP_-999._999._Coh_-999._999._LFP_-999._999._FLFP_-999._999._Ass_-999._999._Year_-999._999.                        
  49,          0.28449612,          0.26848000,       1315.78947368,         -0.01601612,   1290,LFP     _Age_61._65._Mar_0._0._Fem_1._1._Kid_-999._999._Edu_-999._999._XP_-999._999._FXP_-999._999._Coh_-999._999._LFP_-999._999._FLFP_-999._999._Ass_-999._999._Year_-999._999.                        
  50,          0.00771456,          0.13810000,       1754.38596491,          0.13038544,   1037,LFP     _Age_66._70._Mar_0._0._Fem_1._1._Kid_-999._999._Edu_-999._999._XP_-999._999._FXP_-999._999._Coh_-999._999._LFP_-999._999._FLFP_-999._999._Ass_-999._999._Year_-999._999.                        
  51,          0.00519481,          0.05556000,       3125.00000000,          0.05036519,    770,LFP     _Age_71._75._Mar_0._0._Fem_1._1._Kid_-999._999._Edu_-999._999._XP_-999._999._FXP_-999._999._Coh_-999._999._LFP_-999._999._FLFP_-999._999._Ass_-999._999._Year_-999._999.                        
  52,          0.00000000,          0.04929000,      33333.33333333,          0.04929000,   3611,LFP     _Age_51._75._Mar_-999._999._Fem_1._1._Kid_-999._999._Edu_-999._999._XP_0._0._FXP_-999._999._Coh_-999._999._LFP_-999._999._FLFP_-999._999._Ass_-999._999._Year_-999._999.                        
  53,          0.41193182,          0.16242000,       7142.85714286,         -0.24951182,   1760,LFP     _Age_51._75._Mar_-999._999._Fem_1._1._Kid_-999._999._Edu_-999._999._XP_0._5._FXP_-999._999._Coh_-999._999._LFP_-999._999._FLFP_-999._999._Ass_-999._999._Year_-999._999.                        
  54,          0.46188034,          0.27842000,       7142.85714286,         -0.18346034,   2925,LFP     _Age_51._75._Mar_-999._999._Fem_1._1._Kid_-999._999._Edu_-999._999._XP_6._15._FXP_-999._999._Coh_-999._999._LFP_-999._999._FLFP_-999._999._Ass_-999._999._Year_-999._999.                       
  55,          0.54052676,          0.48748000,      12500.00000000,         -0.05304676,   5885,LFP     _Age_51._75._Mar_-999._999._Fem_1._1._Kid_-999._999._Edu_-999._999._XP_16._999._FXP_-999._999._Coh_-999._999._LFP_-999._999._FLFP_-999._999._Ass_-999._999._Year_-999._999.                     
  56,          0.32058968,          0.19920000,      25000.00000000,         -0.12138968,  10175,LFP     _Age_51._75._Mar_-999._999._Fem_1._1._Kid_-999._999._Edu_0._7._XP_-999._999._FXP_-999._999._Coh_-999._999._LFP_-999._999._FLFP_-999._999._Ass_-999._999._Year_-999._999.                        
  57,          0.42019544,          0.34527000,       7692.30769231,         -0.07492544,   2149,LFP     _Age_51._75._Mar_-999._999._Fem_1._1._Kid_-999._999._Edu_8._11._XP_-999._999._FXP_-999._999._Coh_-999._999._LFP_-999._999._FLFP_-999._999._Ass_-999._999._Year_-999._999.                       
  58,          0.54510309,          0.42706000,       5000.00000000,         -0.11804309,   1552,LFP     _Age_51._75._Mar_-999._999._Fem_1._1._Kid_-999._999._Edu_12._15._XP_-999._999._FXP_-999._999._Coh_-999._999._LFP_-999._999._FLFP_-999._999._Ass_-999._999._Year_-999._999.                      
  59,          0.79758308,          0.67752000,       1408.45070423,         -0.12006308,    331,LFP     _Age_51._75._Mar_-999._999._Fem_1._1._Kid_-999._999._Edu_16._999._XP_-999._999._FXP_-999._999._Coh_-999._999._LFP_-999._999._FLFP_-999._999._Ass_-999._999._Year_-999._999.                     
  60,          0.44774775,          0.39923000,       2173.91304348,         -0.04851775,   1110,LFP     _Age_51._75._Mar_-999._999._Fem_1._1._Kid_0._0._Edu_-999._999._XP_-999._999._FXP_-999._999._Coh_-999._999._LFP_-999._999._FLFP_-999._999._Ass_-999._999._Year_-999._999.                        
  61,          0.49235323,          0.38581000,       8333.33333333,         -0.10654323,   4054,LFP     _Age_51._75._Mar_-999._999._Fem_1._1._Kid_1._2._Edu_-999._999._XP_-999._999._FXP_-999._999._Coh_-999._999._LFP_-999._999._FLFP_-999._999._Ass_-999._999._Year_-999._999.                        
  62,          0.30764127,          0.25810000,      25000.00000000,         -0.04954127,   9043,LFP     _Age_51._75._Mar_-999._999._Fem_1._1._Kid_3._999._Edu_-999._999._XP_-999._999._FXP_-999._999._Coh_-999._999._LFP_-999._999._FLFP_-999._999._Ass_-999._999._Year_-999._999.                      
  63,          0.08710218,          0.34906000,       1408.45070423,          0.26195782,   1194,LFP     _Age_51._75._Mar_-999._999._Fem_1._1._Kid_-999._999._Edu_-999._999._XP_-999._999._FXP_-999._999._Coh_-999._999._LFP_-999._999._FLFP_-999._999._Ass_-999._999._Year_-999._999.                   
  64,          0.34412955,          0.28019000,       1030.92783505,         -0.06393955,   4199,LFP     _Age_51._75._Mar_-999._999._Fem_1._1._Kid_-999._999._Edu_-999._999._XP_-999._999._FXP_-999._999._Coh_-999._999._LFP_-999._999._FLFP_-999._999._Ass_-999._999._Year_-999._999.                   
  65,          0.30310078,          0.28791000,       2222.22222222,         -0.01519078,   1290,LFP     _Age_51._75._Mar_-999._999._Fem_1._1._Kid_-999._999._Edu_-999._999._XP_-999._999._FXP_-999._999._Coh_-999._999._LFP_-999._999._FLFP_-999._999._Ass_-999._999._Year_-999._999.                   
  66,          0.45042912,          0.28398000,       7142.85714286,         -0.16644912,   6758,LFP     _Age_51._75._Mar_-999._999._Fem_1._1._Kid_-999._999._Edu_-999._999._XP_-999._999._FXP_-999._999._Coh_-999._999._LFP_-999._999._FLFP_-999._999._Ass_-999._999._Year_-999._999.                   
  67,          0.04172193,          0.05668000,      33333.33333333,          0.01495807,   8293,Part-Time     _Age_51._75._Mar_1._1._Fem_1._1._Kid_-999._999._Edu_-999._999._XP_-999._999._FXP_-999._999._Coh_-999._999._LFP_-999._999._FLFP_-999._999._Ass_-999._999._Year_-999._999.                  
  68,          0.03451777,          0.07712000,      16666.66666667,          0.04260223,   5910,Part-Time     _Age_51._75._Mar_0._0._Fem_1._1._Kid_-999._999._Edu_-999._999._XP_-999._999._FXP_-999._999._Coh_-999._999._LFP_-999._999._FLFP_-999._999._Ass_-999._999._Year_-999._999.                  
  69,          0.64855876,          0.57358000,       6666.66666667,         -0.07497876,   3608,FLFP     _Age_51._55._Mar_-999._999._Fem_0._0._Kid_-999._999._Edu_-999._999._XP_-999._999._FXP_-999._999._Coh_-999._999._LFP_1._999._FLFP_-999._999._Ass_-999._999._Year_-999._999.                     
  70,          0.64581046,          0.57042000,       4545.45454545,         -0.07539046,   2733,FLFP     _Age_56._60._Mar_-999._999._Fem_0._0._Kid_-999._999._Edu_-999._999._XP_-999._999._FXP_-999._999._Coh_-999._999._LFP_1._999._FLFP_-999._999._Ass_-999._999._Year_-999._999.                     
  71,          0.52858628,          0.46888000,       2941.17647059,         -0.05970628,   1924,FLFP     _Age_61._65._Mar_-999._999._Fem_0._0._Kid_-999._999._Edu_-999._999._XP_-999._999._FXP_-999._999._Coh_-999._999._LFP_1._999._FLFP_-999._999._Ass_-999._999._Year_-999._999.                     
  72,          0.51162791,          0.38686000,       1149.42528736,         -0.12476791,    688,FLFP     _Age_66._70._Mar_-999._999._Fem_0._0._Kid_-999._999._Edu_-999._999._XP_-999._999._FXP_-999._999._Coh_-999._999._LFP_1._999._FLFP_-999._999._Ass_-999._999._Year_-999._999.                     
  73,          0.54014108,          0.59773000,       4347.82608696,          0.05758892,   2977,FLFP     _Age_51._55._Mar_-999._999._Fem_1._1._Kid_-999._999._Edu_-999._999._XP_-999._999._FXP_-999._999._Coh_-999._999._LFP_1._999._FLFP_-999._999._Ass_-999._999._Year_-999._999.                     
  74,          0.51575342,          0.52769000,       2631.57894737,          0.01193658,   1460,FLFP     _Age_56._60._Mar_-999._999._Fem_1._1._Kid_-999._999._Edu_-999._999._XP_-999._999._FXP_-999._999._Coh_-999._999._LFP_1._999._FLFP_-999._999._Ass_-999._999._Year_-999._999.                     
  75,          0.48843931,          0.41606000,       1123.59550562,         -0.07237931,    692,FLFP     _Age_61._65._Mar_-999._999._Fem_1._1._Kid_-999._999._Edu_-999._999._XP_-999._999._FXP_-999._999._Coh_-999._999._LFP_1._999._FLFP_-999._999._Ass_-999._999._Year_-999._999.                     
  76,          0.47826087,          0.31683000,        467.28971963,         -0.16143087,    115,FLFP     _Age_66._70._Mar_-999._999._Fem_1._1._Kid_-999._999._Edu_-999._999._XP_-999._999._FXP_-999._999._Coh_-999._999._LFP_1._999._FLFP_-999._999._Ass_-999._999._Year_-999._999.                     
  77,          0.54838710,          0.30556000,        169.77928693,         -0.24282710,     31,FLFP     _Age_71._75._Mar_-999._999._Fem_1._1._Kid_-999._999._Edu_-999._999._XP_-999._999._FXP_-999._999._Coh_-999._999._LFP_1._999._FLFP_-999._999._Ass_-999._999._Year_-999._999.                     
  78,          0.53226408,          0.50074000,       8333.33333333,         -0.03152408,   5362,FLFP     _Age_51._75._Mar_-999._999._Fem_0._0._Kid_-999._999._Edu_0._7._XP_-999._999._FXP_-999._999._Coh_-999._999._LFP_1._999._FLFP_-999._999._Ass_-999._999._Year_-999._999.                          
  79,          0.71397091,          0.47842000,       3333.33333333,         -0.23555091,   2269,FLFP     _Age_51._75._Mar_-999._999._Fem_0._0._Kid_-999._999._Edu_8._11._XP_-999._999._FXP_-999._999._Coh_-999._999._LFP_1._999._FLFP_-999._999._Ass_-999._999._Year_-999._999.                         
  80,          0.67689946,          0.62549000,       3333.33333333,         -0.05140946,   1303,FLFP     _Age_51._75._Mar_-999._999._Fem_0._0._Kid_-999._999._Edu_12._15._XP_-999._999._FXP_-999._999._Coh_-999._999._LFP_1._999._FLFP_-999._999._Ass_-999._999._Year_-999._999.                        
  81,          0.71532847,          0.67925000,        970.87378641,         -0.03607847,    274,FLFP     _Age_51._75._Mar_-999._999._Fem_0._0._Kid_-999._999._Edu_16._999._XP_-999._999._FXP_-999._999._Coh_-999._999._LFP_1._999._FLFP_-999._999._Ass_-999._999._Year_-999._999.                       
  82,          0.42765175,          0.37750000,       3448.27586207,         -0.05015175,   3262,FLFP     _Age_51._75._Mar_-999._999._Fem_1._1._Kid_-999._999._Edu_0._7._XP_-999._999._FXP_-999._999._Coh_-999._999._LFP_1._999._FLFP_-999._999._Ass_-999._999._Year_-999._999.                          
  83,          0.52823920,          0.53741000,       2380.95238095,          0.00917080,    903,FLFP     _Age_51._75._Mar_-999._999._Fem_1._1._Kid_-999._999._Edu_8._11._XP_-999._999._FXP_-999._999._Coh_-999._999._LFP_1._999._FLFP_-999._999._Ass_-999._999._Year_-999._999.                         
  84,          0.81442080,          0.63550000,       2272.72727273,         -0.17892080,    846,FLFP     _Age_51._75._Mar_-999._999._Fem_1._1._Kid_-999._999._Edu_12._15._XP_-999._999._FXP_-999._999._Coh_-999._999._LFP_1._999._FLFP_-999._999._Ass_-999._999._Year_-999._999.                        
  85,          0.79545455,          0.87500000,       1886.79245283,          0.07954545,    264,FLFP     _Age_51._75._Mar_-999._999._Fem_1._1._Kid_-999._999._Edu_16._999._XP_-999._999._FXP_-999._999._Coh_-999._999._LFP_1._999._FLFP_-999._999._Ass_-999._999._Year_-999._999.                       
  86,          0.00000000,          0.07853000,       8333.33333333,          0.07853000,   1208,FLFP     _Age_51._75._Mar_-999._999._Fem_0._0._Kid_-999._999._Edu_-999._999._XP_-999._999._FXP_0._0._Coh_-999._999._LFP_1._999._FLFP_-999._999._Ass_-999._999._Year_-999._999.                          
  87,          0.70499159,          0.27684000,       2631.57894737,         -0.42815159,   1783,FLFP     _Age_51._75._Mar_-999._999._Fem_0._0._Kid_-999._999._Edu_-999._999._XP_-999._999._FXP_1._10._Coh_-999._999._LFP_1._999._FLFP_-999._999._Ass_-999._999._Year_-999._999.                         
  88,          0.69071003,          0.68673000,      12500.00000000,         -0.00398003,   6211,FLFP     _Age_51._75._Mar_-999._999._Fem_0._0._Kid_-999._999._Edu_-999._999._XP_-999._999._FXP_11._999._Coh_-999._999._LFP_1._999._FLFP_-999._999._Ass_-999._999._Year_-999._999.                       
  89,          0.00000000,          0.06623000,       7142.85714286,          0.06623000,   1130,FLFP     _Age_51._75._Mar_-999._999._Fem_1._1._Kid_-999._999._Edu_-999._999._XP_-999._999._FXP_0._0._Coh_-999._999._LFP_1._999._FLFP_-999._999._Ass_-999._999._Year_-999._999.                          
  90,          0.57774886,          0.46320000,       1851.85185185,         -0.11454886,   1537,FLFP     _Age_51._75._Mar_-999._999._Fem_1._1._Kid_-999._999._Edu_-999._999._XP_-999._999._FXP_1._10._Coh_-999._999._LFP_1._999._FLFP_-999._999._Ass_-999._999._Year_-999._999.                         
  91,          0.72230829,          0.73768000,       6250.00000000,          0.01537171,   2582,FLFP     _Age_51._75._Mar_-999._999._Fem_1._1._Kid_-999._999._Edu_-999._999._XP_-999._999._FXP_11._999._Coh_-999._999._LFP_1._999._FLFP_-999._999._Ass_-999._999._Year_-999._999.                       
  92,          0.23033405,          0.14200000,      14285.71428571,         -0.08833405,   3712,HHLFP     _Age_51._75._Mar_1._1._Fem_-999._999._Kid_-999._999._Edu_-999._999._XP_-999._999._FXP_-999._999._Coh_-999._999._LFP_-999._999._FLFP_-999._999._Ass_-999._999._Year_-999._999.                 
  93,          0.28421336,          0.34298000,       8333.33333333,          0.05876664,   3712,HHLFP     _Age_51._75._Mar_1._1._Fem_-999._999._Kid_-999._999._Edu_-999._999._XP_-999._999._FXP_-999._999._Coh_-999._999._LFP_-999._999._FLFP_-999._999._Ass_-999._999._Year_-999._999.                 
  94,          0.09590517,          0.06608000,      33333.33333333,         -0.02982517,   3712,HHLFP     _Age_51._75._Mar_1._1._Fem_-999._999._Kid_-999._999._Edu_-999._999._XP_-999._999._FXP_-999._999._Coh_-999._999._LFP_-999._999._FLFP_-999._999._Ass_-999._999._Year_-999._999.                 
  95,          0.50835129,          0.56526000,       7692.30769231,          0.05690871,   3712,HHLFP     _Age_51._75._Mar_1._1._Fem_-999._999._Kid_-999._999._Edu_-999._999._XP_-999._999._FXP_-999._999._Coh_-999._999._LFP_-999._999._FLFP_-999._999._Ass_-999._999._Year_-999._999.                 
  96,          0.81870229,          0.78440000,       1282.05128205,         -0.03430229,    524,FtoF     _Age_51._75._Mar_-999._999._Fem_1._1._Kid_-999._999._Edu_-999._999._XP_-999._999._FXP_-999._999._Coh_-999._999._LFP_-999._999._FLFP_-999._999._Ass_1._1._Year_1._1.                            
  97,          0.05916031,          0.08716000,       2777.77777778,          0.02799969,    524,FtoI     _Age_51._75._Mar_-999._999._Fem_1._1._Kid_-999._999._Edu_-999._999._XP_-999._999._FXP_-999._999._Coh_-999._999._LFP_-999._999._FLFP_-999._999._Ass_1._1._Year_1._1.                            
  98,          0.12213740,          0.12844000,       1960.78431373,          0.00630260,    524,FtoH     _Age_51._75._Mar_-999._999._Fem_1._1._Kid_-999._999._Edu_-999._999._XP_-999._999._FXP_-999._999._Coh_-999._999._LFP_-999._999._FLFP_-999._999._Ass_1._1._Year_1._1.                            
  99,          0.04000000,          0.13072000,       1351.35135135,          0.09072000,    575,ItoF     _Age_51._75._Mar_-999._999._Fem_1._1._Kid_-999._999._Edu_-999._999._XP_-999._999._FXP_-999._999._Coh_-999._999._LFP_-999._999._FLFP_-999._999._Ass_1._1._Year_0._0.                            
 100,          0.67304348,          0.57516000,        625.00000000,         -0.09788348,    575,ItoI     _Age_51._75._Mar_-999._999._Fem_1._1._Kid_-999._999._Edu_-999._999._XP_-999._999._FXP_-999._999._Coh_-999._999._LFP_-999._999._FLFP_-999._999._Ass_1._1._Year_0._0.                            
 101,          0.28695652,          0.29412000,        735.29411765,          0.00716348,    575,ItoH     _Age_51._75._Mar_-999._999._Fem_1._1._Kid_-999._999._Edu_-999._999._XP_-999._999._FXP_-999._999._Coh_-999._999._LFP_-999._999._FLFP_-999._999._Ass_1._1._Year_0._0.                            
 102,          0.00633714,          0.01331000,     100000.00000000,          0.00697286,   1578,HtoF     _Age_51._75._Mar_-999._999._Fem_1._1._Kid_-999._999._Edu_-999._999._XP_-999._999._FXP_-999._999._Coh_-999._999._LFP_-999._999._FLFP_-999._999._Ass_0._0._Year_-999._999.                       
 103,          0.02408112,          0.05527000,      20000.00000000,          0.03118888,   1578,HtoI     _Age_51._75._Mar_-999._999._Fem_1._1._Kid_-999._999._Edu_-999._999._XP_-999._999._FXP_-999._999._Coh_-999._999._LFP_-999._999._FLFP_-999._999._Ass_0._0._Year_-999._999.                       
 104,          0.96958175,          0.93142000,      14285.71428571,         -0.03816175,   1578,HtoH     _Age_51._75._Mar_-999._999._Fem_1._1._Kid_-999._999._Edu_-999._999._XP_-999._999._FXP_-999._999._Coh_-999._999._LFP_-999._999._FLFP_-999._999._Ass_0._0._Year_-999._999.                       
 105,          0.76694593,          0.78984000,       2631.57894737,          0.02289407,   1313,FtoF     _Age_51._75._Mar_-999._999._Fem_0._0._Kid_-999._999._Edu_-999._999._XP_-999._999._FXP_-999._999._Coh_-999._999._LFP_-999._999._FLFP_-999._999._Ass_1._1._Year_1._1.                            
 106,          0.10357959,          0.11085000,       4347.82608696,          0.00727041,   1313,FtoI     _Age_51._75._Mar_-999._999._Fem_0._0._Kid_-999._999._Edu_-999._999._XP_-999._999._FXP_-999._999._Coh_-999._999._LFP_-999._999._FLFP_-999._999._Ass_1._1._Year_1._1.                            
 107,          0.12947449,          0.09931000,       4761.90476190,         -0.03016449,   1313,FtoH     _Age_51._75._Mar_-999._999._Fem_0._0._Kid_-999._999._Edu_-999._999._XP_-999._999._FXP_-999._999._Coh_-999._999._LFP_-999._999._FLFP_-999._999._Ass_1._1._Year_1._1.                            
 108,          0.10490463,          0.13366000,       3448.27586207,          0.02875537,    734,ItoF     _Age_51._75._Mar_-999._999._Fem_0._0._Kid_-999._999._Edu_-999._999._XP_-999._999._FXP_-999._999._Coh_-999._999._LFP_-999._999._FLFP_-999._999._Ass_1._1._Year_0._0.                            
 109,          0.59945504,          0.64356000,       1754.38596491,          0.04410496,    734,ItoI     _Age_51._75._Mar_-999._999._Fem_0._0._Kid_-999._999._Edu_-999._999._XP_-999._999._FXP_-999._999._Coh_-999._999._LFP_-999._999._FLFP_-999._999._Ass_1._1._Year_0._0.                            
 110,          0.29564033,          0.22277000,       2325.58139535,         -0.07287033,    734,ItoH     _Age_51._75._Mar_-999._999._Fem_0._0._Kid_-999._999._Edu_-999._999._XP_-999._999._FXP_-999._999._Coh_-999._999._LFP_-999._999._FLFP_-999._999._Ass_1._1._Year_0._0.                            
 111,          0.04507513,          0.06335000,       7692.30769231,          0.01827487,    599,HtoF     _Age_51._75._Mar_-999._999._Fem_0._0._Kid_-999._999._Edu_-999._999._XP_-999._999._FXP_-999._999._Coh_-999._999._LFP_-999._999._FLFP_-999._999._Ass_0._0._Year_-999._999.                       
 112,          0.23038397,          0.15158000,       3448.27586207,         -0.07880397,    599,HtoI     _Age_51._75._Mar_-999._999._Fem_0._0._Kid_-999._999._Edu_-999._999._XP_-999._999._FXP_-999._999._Coh_-999._999._LFP_-999._999._FLFP_-999._999._Ass_0._0._Year_-999._999.                       
 113,          0.72454090,          0.78507000,       2631.57894737,          0.06052910,    599,HtoH     _Age_51._75._Mar_-999._999._Fem_0._0._Kid_-999._999._Edu_-999._999._XP_-999._999._FXP_-999._999._Coh_-999._999._LFP_-999._999._FLFP_-999._999._Ass_0._0._Year_-999._999.                       
 114,          0.08519452,          0.08952000,      25000.00000000,          0.00432548,   5552,Earning_Bins     _Age_51._75._Mar_-999._999._Fem_0._0._Kid_-999._999._Edu_-999._999._XP_-999._999._FXP_-999._999._Coh_-999._999._LFP_1._999._FLFP_1._1._Ass_-999._999._Year_-999._999.                  
 115,          0.29196686,          0.29415000,      10000.00000000,          0.00218314,   5552,Earning_Bins     _Age_51._75._Mar_-999._999._Fem_0._0._Kid_-999._999._Edu_-999._999._XP_-999._999._FXP_-999._999._Coh_-999._999._LFP_1._999._FLFP_1._1._Ass_-999._999._Year_-999._999.                  
 116,          0.25054035,          0.26709000,      10000.00000000,          0.01654965,   5552,Earning_Bins     _Age_51._75._Mar_-999._999._Fem_0._0._Kid_-999._999._Edu_-999._999._XP_-999._999._FXP_-999._999._Coh_-999._999._LFP_1._999._FLFP_1._1._Ass_-999._999._Year_-999._999.                  
 117,          0.13544669,          0.12346000,      20000.00000000,         -0.01198669,   5552,Earning_Bins     _Age_51._75._Mar_-999._999._Fem_0._0._Kid_-999._999._Edu_-999._999._XP_-999._999._FXP_-999._999._Coh_-999._999._LFP_1._999._FLFP_1._1._Ass_-999._999._Year_-999._999.                  
 118,          0.08645533,          0.06296000,      33333.33333333,         -0.02349533,   5552,Earning_Bins     _Age_51._75._Mar_-999._999._Fem_0._0._Kid_-999._999._Edu_-999._999._XP_-999._999._FXP_-999._999._Coh_-999._999._LFP_1._999._FLFP_1._1._Ass_-999._999._Year_-999._999.                  
 119,          0.15039625,          0.16281000,      14285.71428571,          0.01241375,   5552,Earning_Bins     _Age_51._75._Mar_-999._999._Fem_0._0._Kid_-999._999._Edu_-999._999._XP_-999._999._FXP_-999._999._Coh_-999._999._LFP_1._999._FLFP_1._1._Ass_-999._999._Year_-999._999.                  
 120,          0.30689278,          0.32387000,       8333.33333333,          0.01697722,   3656,Earning_Bins     _Age_51._75._Mar_-999._999._Fem_0._0._Kid_-999._999._Edu_-999._999._XP_-999._999._FXP_-999._999._Coh_-999._999._LFP_1._999._FLFP_0._0._Ass_-999._999._Year_-999._999.                  
 121,          0.28227571,          0.28659000,       9090.90909091,          0.00431429,   3656,Earning_Bins     _Age_51._75._Mar_-999._999._Fem_0._0._Kid_-999._999._Edu_-999._999._XP_-999._999._FXP_-999._999._Coh_-999._999._LFP_1._999._FLFP_0._0._Ass_-999._999._Year_-999._999.                  
 122,          0.15672867,          0.18308000,      12500.00000000,          0.02635133,   3656,Earning_Bins     _Age_51._75._Mar_-999._999._Fem_0._0._Kid_-999._999._Edu_-999._999._XP_-999._999._FXP_-999._999._Coh_-999._999._LFP_1._999._FLFP_0._0._Ass_-999._999._Year_-999._999.                  
 123,          0.08205689,          0.09794000,      20000.00000000,          0.01588311,   3656,Earning_Bins     _Age_51._75._Mar_-999._999._Fem_0._0._Kid_-999._999._Edu_-999._999._XP_-999._999._FXP_-999._999._Coh_-999._999._LFP_1._999._FLFP_0._0._Ass_-999._999._Year_-999._999.                  
 124,          0.05306346,          0.03673000,      50000.00000000,         -0.01633346,   3656,Earning_Bins     _Age_51._75._Mar_-999._999._Fem_0._0._Kid_-999._999._Edu_-999._999._XP_-999._999._FXP_-999._999._Coh_-999._999._LFP_1._999._FLFP_0._0._Ass_-999._999._Year_-999._999.                  
 125,          0.11898249,          0.07179000,      25000.00000000,         -0.04719249,   3656,Earning_Bins     _Age_51._75._Mar_-999._999._Fem_0._0._Kid_-999._999._Edu_-999._999._XP_-999._999._FXP_-999._999._Coh_-999._999._LFP_1._999._FLFP_0._0._Ass_-999._999._Year_-999._999.                  
 126,          0.16564417,          0.14210000,       9090.90909091,         -0.02354417,   2771,Earning_Bins     _Age_51._75._Mar_-999._999._Fem_1._1._Kid_-999._999._Edu_-999._999._XP_-999._999._FXP_-999._999._Coh_-999._999._LFP_1._999._FLFP_1._1._Ass_-999._999._Year_-999._999.                  
 127,          0.22194154,          0.34245000,       5000.00000000,          0.12050846,   2771,Earning_Bins     _Age_51._75._Mar_-999._999._Fem_1._1._Kid_-999._999._Edu_-999._999._XP_-999._999._FXP_-999._999._Coh_-999._999._LFP_1._999._FLFP_1._1._Ass_-999._999._Year_-999._999.                  
 128,          0.16275713,          0.18094000,       7692.30769231,          0.01818287,   2771,Earning_Bins     _Age_51._75._Mar_-999._999._Fem_1._1._Kid_-999._999._Edu_-999._999._XP_-999._999._FXP_-999._999._Coh_-999._999._LFP_1._999._FLFP_1._1._Ass_-999._999._Year_-999._999.                  
 129,          0.10898593,          0.08208000,      14285.71428571,         -0.02690593,   2771,Earning_Bins     _Age_51._75._Mar_-999._999._Fem_1._1._Kid_-999._999._Edu_-999._999._XP_-999._999._FXP_-999._999._Coh_-999._999._LFP_1._999._FLFP_1._1._Ass_-999._999._Year_-999._999.                  
 130,          0.08516781,          0.04413000,      25000.00000000,         -0.04103781,   2771,Earning_Bins     _Age_51._75._Mar_-999._999._Fem_1._1._Kid_-999._999._Edu_-999._999._XP_-999._999._FXP_-999._999._Coh_-999._999._LFP_1._999._FLFP_1._1._Ass_-999._999._Year_-999._999.                  
 131,          0.25550343,          0.20830000,       6666.66666667,         -0.04720343,   2771,Earning_Bins     _Age_51._75._Mar_-999._999._Fem_1._1._Kid_-999._999._Edu_-999._999._XP_-999._999._FXP_-999._999._Coh_-999._999._LFP_1._999._FLFP_1._1._Ass_-999._999._Year_-999._999.                  
 132,          0.65615016,          0.56940000,       4000.00000000,         -0.08675016,   2504,Earning_Bins     _Age_51._75._Mar_-999._999._Fem_1._1._Kid_-999._999._Edu_-999._999._XP_-999._999._FXP_-999._999._Coh_-999._999._LFP_1._999._FLFP_0._0._Ass_-999._999._Year_-999._999.                  
 133,          0.19089457,          0.24215000,       5263.15789474,          0.05125543,   2504,Earning_Bins     _Age_51._75._Mar_-999._999._Fem_1._1._Kid_-999._999._Edu_-999._999._XP_-999._999._FXP_-999._999._Coh_-999._999._LFP_1._999._FLFP_0._0._Ass_-999._999._Year_-999._999.                  
 134,          0.06669329,          0.08308000,      12500.00000000,          0.01638671,   2504,Earning_Bins     _Age_51._75._Mar_-999._999._Fem_1._1._Kid_-999._999._Edu_-999._999._XP_-999._999._FXP_-999._999._Coh_-999._999._LFP_1._999._FLFP_0._0._Ass_-999._999._Year_-999._999.                  
 135,          0.03753994,          0.04863000,      20000.00000000,          0.01109006,   2504,Earning_Bins     _Age_51._75._Mar_-999._999._Fem_1._1._Kid_-999._999._Edu_-999._999._XP_-999._999._FXP_-999._999._Coh_-999._999._LFP_1._999._FLFP_0._0._Ass_-999._999._Year_-999._999.                  
 136,          0.01637380,          0.01114000,     100000.00000000,         -0.00523380,   2504,Earning_Bins     _Age_51._75._Mar_-999._999._Fem_1._1._Kid_-999._999._Edu_-999._999._XP_-999._999._FXP_-999._999._Coh_-999._999._LFP_1._999._FLFP_0._0._Ass_-999._999._Year_-999._999.                  
 137,          0.03234824,          0.04559000,      25000.00000000,          0.01324176,   2504,Earning_Bins     _Age_51._75._Mar_-999._999._Fem_1._1._Kid_-999._999._Edu_-999._999._XP_-999._999._FXP_-999._999._Coh_-999._999._LFP_1._999._FLFP_0._0._Ass_-999._999._Year_-999._999.                  
 138,          0.06851852,          0.07268000,       5882.35294118,          0.00416148,   1620,Earning_Bins     _Age_51._75._Mar_-999._999._Fem_0._0._Kid_-999._999._Edu_8._11._XP_-999._999._FXP_-999._999._Coh_-999._999._LFP_1._999._FLFP_1._1._Ass_-999._999._Year_-999._999.                      
 139,          0.26049383,          0.26566000,       2040.81632653,          0.00516617,   1620,Earning_Bins     _Age_51._75._Mar_-999._999._Fem_0._0._Kid_-999._999._Edu_8._11._XP_-999._999._FXP_-999._999._Coh_-999._999._LFP_1._999._FLFP_1._1._Ass_-999._999._Year_-999._999.                      
 140,          0.19135802,          0.30827000,       1886.79245283,          0.11691198,   1620,Earning_Bins     _Age_51._75._Mar_-999._999._Fem_0._0._Kid_-999._999._Edu_8._11._XP_-999._999._FXP_-999._999._Coh_-999._999._LFP_1._999._FLFP_1._1._Ass_-999._999._Year_-999._999.                      
 141,          0.14629630,          0.16291000,       2941.17647059,          0.01661370,   1620,Earning_Bins     _Age_51._75._Mar_-999._999._Fem_0._0._Kid_-999._999._Edu_8._11._XP_-999._999._FXP_-999._999._Coh_-999._999._LFP_1._999._FLFP_1._1._Ass_-999._999._Year_-999._999.                      
 142,          0.11234568,          0.06015000,       7142.85714286,         -0.05219568,   1620,Earning_Bins     _Age_51._75._Mar_-999._999._Fem_0._0._Kid_-999._999._Edu_8._11._XP_-999._999._FXP_-999._999._Coh_-999._999._LFP_1._999._FLFP_1._1._Ass_-999._999._Year_-999._999.                      
 143,          0.22098765,          0.13033000,       3571.42857143,         -0.09065765,   1620,Earning_Bins     _Age_51._75._Mar_-999._999._Fem_0._0._Kid_-999._999._Edu_8._11._XP_-999._999._FXP_-999._999._Coh_-999._999._LFP_1._999._FLFP_1._1._Ass_-999._999._Year_-999._999.                      
 144,          0.16178737,          0.24598000,       2325.58139535,          0.08419263,    649,Earning_Bins     _Age_51._75._Mar_-999._999._Fem_0._0._Kid_-999._999._Edu_8._11._XP_-999._999._FXP_-999._999._Coh_-999._999._LFP_1._999._FLFP_0._0._Ass_-999._999._Year_-999._999.                      
 145,          0.26810478,          0.25057000,       2325.58139535,         -0.01753478,    649,Earning_Bins     _Age_51._75._Mar_-999._999._Fem_0._0._Kid_-999._999._Edu_8._11._XP_-999._999._FXP_-999._999._Coh_-999._999._LFP_1._999._FLFP_0._0._Ass_-999._999._Year_-999._999.                      
 146,          0.19414484,          0.25747000,       2272.72727273,          0.06332516,    649,Earning_Bins     _Age_51._75._Mar_-999._999._Fem_0._0._Kid_-999._999._Edu_8._11._XP_-999._999._FXP_-999._999._Coh_-999._999._LFP_1._999._FLFP_0._0._Ass_-999._999._Year_-999._999.                      
 147,          0.11710324,          0.14483000,       3571.42857143,          0.02772676,    649,Earning_Bins     _Age_51._75._Mar_-999._999._Fem_0._0._Kid_-999._999._Edu_8._11._XP_-999._999._FXP_-999._999._Coh_-999._999._LFP_1._999._FLFP_0._0._Ass_-999._999._Year_-999._999.                      
 148,          0.08166410,          0.03448000,      12500.00000000,         -0.04718410,    649,Earning_Bins     _Age_51._75._Mar_-999._999._Fem_0._0._Kid_-999._999._Edu_8._11._XP_-999._999._FXP_-999._999._Coh_-999._999._LFP_1._999._FLFP_0._0._Ass_-999._999._Year_-999._999.                      
 149,          0.17719569,          0.06667000,       7142.85714286,         -0.11052569,    649,Earning_Bins     _Age_51._75._Mar_-999._999._Fem_0._0._Kid_-999._999._Edu_8._11._XP_-999._999._FXP_-999._999._Coh_-999._999._LFP_1._999._FLFP_0._0._Ass_-999._999._Year_-999._999.                      
 150,          0.13788099,          0.09910000,       3703.70370370,         -0.03878099,    689,Earning_Bins     _Age_51._75._Mar_-999._999._Fem_1._1._Kid_-999._999._Edu_12._15._XP_-999._999._FXP_-999._999._Coh_-999._999._LFP_1._999._FLFP_1._1._Ass_-999._999._Year_-999._999.                     
 151,          0.15965167,          0.17117000,       2325.58139535,          0.01151833,    689,Earning_Bins     _Age_51._75._Mar_-999._999._Fem_1._1._Kid_-999._999._Edu_12._15._XP_-999._999._FXP_-999._999._Coh_-999._999._LFP_1._999._FLFP_1._1._Ass_-999._999._Year_-999._999.                     
 152,          0.14223512,          0.22222000,       1923.07692308,          0.07998488,    689,Earning_Bins     _Age_51._75._Mar_-999._999._Fem_1._1._Kid_-999._999._Edu_12._15._XP_-999._999._FXP_-999._999._Coh_-999._999._LFP_1._999._FLFP_1._1._Ass_-999._999._Year_-999._999.                     
 153,          0.12046444,          0.14114000,       2777.77777778,          0.02067556,    689,Earning_Bins     _Age_51._75._Mar_-999._999._Fem_1._1._Kid_-999._999._Edu_12._15._XP_-999._999._FXP_-999._999._Coh_-999._999._LFP_1._999._FLFP_1._1._Ass_-999._999._Year_-999._999.                     
 154,          0.08127721,          0.07808000,       4545.45454545,         -0.00319721,    689,Earning_Bins     _Age_51._75._Mar_-999._999._Fem_1._1._Kid_-999._999._Edu_12._15._XP_-999._999._FXP_-999._999._Coh_-999._999._LFP_1._999._FLFP_1._1._Ass_-999._999._Year_-999._999.                     
 155,          0.35849057,          0.28829000,       1612.90322581,         -0.07020057,    689,Earning_Bins     _Age_51._75._Mar_-999._999._Fem_1._1._Kid_-999._999._Edu_12._15._XP_-999._999._FXP_-999._999._Coh_-999._999._LFP_1._999._FLFP_1._1._Ass_-999._999._Year_-999._999.                     
 156,          0.24840764,          0.39267000,        800.00000000,          0.14426236,    157,Earning_Bins     _Age_51._75._Mar_-999._999._Fem_1._1._Kid_-999._999._Edu_12._15._XP_-999._999._FXP_-999._999._Coh_-999._999._LFP_1._999._FLFP_0._0._Ass_-999._999._Year_-999._999.                     
 157,          0.28662420,          0.21990000,       1111.11111111,         -0.06672420,    157,Earning_Bins     _Age_51._75._Mar_-999._999._Fem_1._1._Kid_-999._999._Edu_12._15._XP_-999._999._FXP_-999._999._Coh_-999._999._LFP_1._999._FLFP_0._0._Ass_-999._999._Year_-999._999.                     
 158,          0.21656051,          0.16230000,       1408.45070423,         -0.05426051,    157,Earning_Bins     _Age_51._75._Mar_-999._999._Fem_1._1._Kid_-999._999._Edu_12._15._XP_-999._999._FXP_-999._999._Coh_-999._999._LFP_1._999._FLFP_0._0._Ass_-999._999._Year_-999._999.                     
 159,          0.08917197,          0.09424000,       2222.22222222,          0.00506803,    157,Earning_Bins     _Age_51._75._Mar_-999._999._Fem_1._1._Kid_-999._999._Edu_12._15._XP_-999._999._FXP_-999._999._Coh_-999._999._LFP_1._999._FLFP_0._0._Ass_-999._999._Year_-999._999.                     
 160,          0.03821656,          0.02094000,       9090.90909091,         -0.01727656,    157,Earning_Bins     _Age_51._75._Mar_-999._999._Fem_1._1._Kid_-999._999._Edu_12._15._XP_-999._999._FXP_-999._999._Coh_-999._999._LFP_1._999._FLFP_0._0._Ass_-999._999._Year_-999._999.                     
 161,          0.12101911,          0.10995000,       1960.78431373,         -0.01106911,    157,Earning_Bins     _Age_51._75._Mar_-999._999._Fem_1._1._Kid_-999._999._Edu_12._15._XP_-999._999._FXP_-999._999._Coh_-999._999._LFP_1._999._FLFP_0._0._Ass_-999._999._Year_-999._999.                     
 162,          0.41000000,          0.24324000,        401.60642570,         -0.16676000,    100,ItoF<-0.5     _Age_51._75._Mar_-999._999._Fem_-999._999._Kid_-999._999._Edu_-999._999._XP_-999._999._FXP_-999._999._Coh_-999._999._LFP_1._999._FLFP_1._1._Ass_1._1._Year_0._0.                          
 163,          0.16000000,          0.16216000,        543.47826087,          0.00216000,    100,ItoF<0     _Age_51._75._Mar_-999._999._Fem_-999._999._Kid_-999._999._Edu_-999._999._XP_-999._999._FXP_-999._999._Coh_-999._999._LFP_1._999._FLFP_1._1._Ass_1._1._Year_0._0.                             
 164,          0.08000000,          0.13514000,        632.91139241,          0.05514000,    100,ItoF<0.25     _Age_51._75._Mar_-999._999._Fem_-999._999._Kid_-999._999._Edu_-999._999._XP_-999._999._FXP_-999._999._Coh_-999._999._LFP_1._999._FLFP_1._1._Ass_1._1._Year_0._0.                          
 165,          0.04000000,          0.08108000,        990.09900990,          0.04108000,    100,ItoF<0.5     _Age_51._75._Mar_-999._999._Fem_-999._999._Kid_-999._999._Edu_-999._999._XP_-999._999._FXP_-999._999._Coh_-999._999._LFP_1._999._FLFP_1._1._Ass_1._1._Year_0._0.                           
 166,          0.07000000,          0.10811000,        769.23076923,          0.03811000,    100,ItoF<0.75     _Age_51._75._Mar_-999._999._Fem_-999._999._Kid_-999._999._Edu_-999._999._XP_-999._999._FXP_-999._999._Coh_-999._999._LFP_1._999._FLFP_1._1._Ass_1._1._Year_0._0.                          
 167,          0.01000000,          0.05405000,       1449.27536232,          0.04405000,    100,ItoF<1     _Age_51._75._Mar_-999._999._Fem_-999._999._Kid_-999._999._Edu_-999._999._XP_-999._999._FXP_-999._999._Coh_-999._999._LFP_1._999._FLFP_1._1._Ass_1._1._Year_0._0.                             
 168,          0.23000000,          0.21622000,        436.68122271,         -0.01378000,    100,ItoF>1     _Age_51._75._Mar_-999._999._Fem_-999._999._Kid_-999._999._Edu_-999._999._XP_-999._999._FXP_-999._999._Coh_-999._999._LFP_1._999._FLFP_1._1._Ass_1._1._Year_0._0.                             
 169,          0.40718563,          0.32836000,        303.95136778,         -0.07882563,    167,FtoI<-0.5     _Age_51._75._Mar_-999._999._Fem_-999._999._Kid_-999._999._Edu_-999._999._XP_-999._999._FXP_-999._999._Coh_-999._999._LFP_1._999._FLFP_0._0._Ass_1._1._Year_1._1.                          
 170,          0.10179641,          0.29851000,        319.48881789,          0.19671359,    167,FtoI<0     _Age_51._75._Mar_-999._999._Fem_-999._999._Kid_-999._999._Edu_-999._999._XP_-999._999._FXP_-999._999._Coh_-999._999._LFP_1._999._FLFP_0._0._Ass_1._1._Year_1._1.                             
 171,          0.10778443,          0.14925000,        526.31578947,          0.04146557,    167,FtoI<0.25     _Age_51._75._Mar_-999._999._Fem_-999._999._Kid_-999._999._Edu_-999._999._XP_-999._999._FXP_-999._999._Coh_-999._999._LFP_1._999._FLFP_0._0._Ass_1._1._Year_1._1.                          
 172,          0.05988024,          0.02985000,       2325.58139535,         -0.03003024,    167,FtoI<0.5     _Age_51._75._Mar_-999._999._Fem_-999._999._Kid_-999._999._Edu_-999._999._XP_-999._999._FXP_-999._999._Coh_-999._999._LFP_1._999._FLFP_0._0._Ass_1._1._Year_1._1.                           
 173,          0.07185629,          0.08955000,        819.67213115,          0.01769371,    167,FtoI<0.75     _Age_51._75._Mar_-999._999._Fem_-999._999._Kid_-999._999._Edu_-999._999._XP_-999._999._FXP_-999._999._Coh_-999._999._LFP_1._999._FLFP_0._0._Ass_1._1._Year_1._1.                          
 174,          0.03592814,          0.02985000,       2325.58139535,         -0.00607814,    167,FtoI<1     _Age_51._75._Mar_-999._999._Fem_-999._999._Kid_-999._999._Edu_-999._999._XP_-999._999._FXP_-999._999._Coh_-999._999._LFP_1._999._FLFP_0._0._Ass_1._1._Year_1._1.                             
 175,          0.21556886,          0.07463000,        970.87378641,         -0.14093886,    167,FtoI>1     _Age_51._75._Mar_-999._999._Fem_-999._999._Kid_-999._999._Edu_-999._999._XP_-999._999._FXP_-999._999._Coh_-999._999._LFP_1._999._FLFP_0._0._Ass_1._1._Year_1._1.                             
 176,          0.28830084,          0.15400000,       4000.00000000,         -0.13430084,   1436,FtoF<-0.5     _Age_51._75._Mar_-999._999._Fem_-999._999._Kid_-999._999._Edu_-999._999._XP_-999._999._FXP_-999._999._Coh_-999._999._LFP_1._999._FLFP_1._1._Ass_1._1._Year_1._1.                          
 177,          0.35236769,          0.28460000,       2500.00000000,         -0.06776769,   1436,FtoF<0     _Age_51._75._Mar_-999._999._Fem_-999._999._Kid_-999._999._Edu_-999._999._XP_-999._999._FXP_-999._999._Coh_-999._999._LFP_1._999._FLFP_1._1._Ass_1._1._Year_1._1.                             
 178,          0.12186630,          0.14815000,       4000.00000000,          0.02628370,   1436,FtoF<0.25     _Age_51._75._Mar_-999._999._Fem_-999._999._Kid_-999._999._Edu_-999._999._XP_-999._999._FXP_-999._999._Coh_-999._999._LFP_1._999._FLFP_1._1._Ass_1._1._Year_1._1.                          
 179,          0.07451253,          0.11111000,       5263.15789474,          0.03659747,   1436,FtoF<0.5     _Age_51._75._Mar_-999._999._Fem_-999._999._Kid_-999._999._Edu_-999._999._XP_-999._999._FXP_-999._999._Coh_-999._999._LFP_1._999._FLFP_1._1._Ass_1._1._Year_1._1.                           
 180,          0.04108635,          0.07212000,       7692.30769231,          0.03103365,   1436,FtoF<0.75     _Age_51._75._Mar_-999._999._Fem_-999._999._Kid_-999._999._Edu_-999._999._XP_-999._999._FXP_-999._999._Coh_-999._999._LFP_1._999._FLFP_1._1._Ass_1._1._Year_1._1.                          
 181,          0.02298050,          0.03314000,      16666.66666667,          0.01015950,   1436,FtoF<1     _Age_51._75._Mar_-999._999._Fem_-999._999._Kid_-999._999._Edu_-999._999._XP_-999._999._FXP_-999._999._Coh_-999._999._LFP_1._999._FLFP_1._1._Ass_1._1._Year_1._1.                             
 182,          0.09888579,          0.19688000,       3225.80645161,          0.09799421,   1436,FtoF>1     _Age_51._75._Mar_-999._999._Fem_-999._999._Kid_-999._999._Edu_-999._999._XP_-999._999._FXP_-999._999._Coh_-999._999._LFP_1._999._FLFP_1._1._Ass_1._1._Year_1._1.                             
 183,          0.31559855,          0.22126000,       2000.00000000,         -0.09433855,    827,ItoI<-0.5     _Age_51._75._Mar_-999._999._Fem_-999._999._Kid_-999._999._Edu_-999._999._XP_-999._999._FXP_-999._999._Coh_-999._999._LFP_1._999._FLFP_0._0._Ass_1._1._Year_0._0.                          
 184,          0.21765417,          0.34483000,       1538.46153846,          0.12717583,    827,ItoI<0     _Age_51._75._Mar_-999._999._Fem_-999._999._Kid_-999._999._Edu_-999._999._XP_-999._999._FXP_-999._999._Coh_-999._999._LFP_1._999._FLFP_0._0._Ass_1._1._Year_0._0.                             
 185,          0.11245466,          0.11494000,       3448.27586207,          0.00248534,    827,ItoI<0.25     _Age_51._75._Mar_-999._999._Fem_-999._999._Kid_-999._999._Edu_-999._999._XP_-999._999._FXP_-999._999._Coh_-999._999._LFP_1._999._FLFP_0._0._Ass_1._1._Year_0._0.                          
 186,          0.08706167,          0.10345000,       3703.70370370,          0.01638833,    827,ItoI<0.5     _Age_51._75._Mar_-999._999._Fem_-999._999._Kid_-999._999._Edu_-999._999._XP_-999._999._FXP_-999._999._Coh_-999._999._LFP_1._999._FLFP_0._0._Ass_1._1._Year_0._0.                           
 187,          0.05199516,          0.02874000,      12500.00000000,         -0.02325516,    827,ItoI<0.75     _Age_51._75._Mar_-999._999._Fem_-999._999._Kid_-999._999._Edu_-999._999._XP_-999._999._FXP_-999._999._Coh_-999._999._LFP_1._999._FLFP_0._0._Ass_1._1._Year_0._0.                          
 188,          0.03990326,          0.01724000,      20000.00000000,         -0.02266326,    827,ItoI<1     _Age_51._75._Mar_-999._999._Fem_-999._999._Kid_-999._999._Edu_-999._999._XP_-999._999._FXP_-999._999._Coh_-999._999._LFP_1._999._FLFP_0._0._Ass_1._1._Year_0._0.                             
 189,          0.17533253,          0.16954000,       2500.00000000,         -0.00579253,    827,ItoI>1     _Age_51._75._Mar_-999._999._Fem_-999._999._Kid_-999._999._Edu_-999._999._XP_-999._999._FXP_-999._999._Coh_-999._999._LFP_1._999._FLFP_0._0._Ass_1._1._Year_0._0.                             
 190,          2.87406916,          1.91091000,          1.69213327,         -0.96315916,    490,Earnings     _Age_51._75._Mar_-999._999._Fem_0._0._Kid_-999._999._Edu_0._7._XP_0._25._FXP_-999._999._Coh_-999._999._LFP_1._999._FLFP_1._1._Ass_-999._999._Year_-999._999.                               
 191,          2.27597983,          2.34990000,          0.43026853,          0.07392017,   2359,Earnings     _Age_51._75._Mar_-999._999._Fem_0._0._Kid_-999._999._Edu_0._7._XP_26._999._FXP_-999._999._Coh_-999._999._LFP_1._999._FLFP_1._1._Ass_-999._999._Year_-999._999.                             
 192,          4.07698451,          2.52892000,          0.51629158,         -1.54806451,    204,Earnings     _Age_51._75._Mar_-999._999._Fem_0._0._Kid_-999._999._Edu_8._11._XP_0._25._FXP_-999._999._Coh_-999._999._LFP_1._999._FLFP_1._1._Ass_-999._999._Year_-999._999.                              
 193,          3.41249410,          3.18314000,          0.25472969,         -0.22935410,   1416,Earnings     _Age_51._75._Mar_-999._999._Fem_0._0._Kid_-999._999._Edu_8._11._XP_26._999._FXP_-999._999._Coh_-999._999._LFP_1._999._FLFP_1._1._Ass_-999._999._Year_-999._999.                            
 194,          6.21618789,          4.10937000,          0.07478117,         -2.10681789,     45,Earnings     _Age_51._75._Mar_-999._999._Fem_0._0._Kid_-999._999._Edu_12._15._XP_0._25._FXP_-999._999._Coh_-999._999._LFP_1._999._FLFP_1._1._Ass_-999._999._Year_-999._999.                             
 195,          4.18174895,          4.95831000,          0.08342447,          0.77656105,    837,Earnings     _Age_51._75._Mar_-999._999._Fem_0._0._Kid_-999._999._Edu_12._15._XP_26._999._FXP_-999._999._Coh_-999._999._LFP_1._999._FLFP_1._1._Ass_-999._999._Year_-999._999.                           
 196,          5.09678679,         10.83854000,          0.03550487,          5.74175321,    196,Earnings     _Age_51._75._Mar_-999._999._Fem_0._0._Kid_-999._999._Edu_16._999._XP_0._999._FXP_-999._999._Coh_-999._999._LFP_1._999._FLFP_1._1._Ass_-999._999._Year_-999._999.                           
 197,          5.09678679,         10.83854000,          0.03550487,          5.74175321,    196,Earnings     _Age_51._75._Mar_-999._999._Fem_0._0._Kid_-999._999._Edu_16._999._XP_0._999._FXP_-999._999._Coh_-999._999._LFP_1._999._FLFP_1._1._Ass_-999._999._Year_-999._999.                           
 198,          1.75964671,          1.01517000,          1.71553070,         -0.74447671,    600,Earnings     _Age_51._75._Mar_-999._999._Fem_0._0._Kid_-999._999._Edu_0._7._XP_0._25._FXP_-999._999._Coh_-999._999._LFP_1._999._FLFP_0._0._Ass_-999._999._Year_-999._999.                               
 199,          1.82263394,          1.66314000,          0.62379919,         -0.15949394,   1907,Earnings     _Age_51._75._Mar_-999._999._Fem_0._0._Kid_-999._999._Edu_0._7._XP_26._999._FXP_-999._999._Coh_-999._999._LFP_1._999._FLFP_0._0._Ass_-999._999._Year_-999._999.                             
 200,          2.64215504,          1.84762000,          0.67941706,         -0.79453504,     89,Earnings     _Age_51._75._Mar_-999._999._Fem_0._0._Kid_-999._999._Edu_8._11._XP_0._25._FXP_-999._999._Coh_-999._999._LFP_1._999._FLFP_0._0._Ass_-999._999._Year_-999._999.                              
 201,          3.44295003,          2.45455000,          0.37588474,         -0.98840003,    560,Earnings     _Age_51._75._Mar_-999._999._Fem_0._0._Kid_-999._999._Edu_8._11._XP_26._999._FXP_-999._999._Coh_-999._999._LFP_1._999._FLFP_0._0._Ass_-999._999._Year_-999._999.                            
 202,          4.89195393,          5.84465000,          0.01746463,          0.95269607,     44,Earnings     _Age_51._75._Mar_-999._999._Fem_0._0._Kid_-999._999._Edu_12._15._XP_0._25._FXP_-999._999._Coh_-999._999._LFP_1._999._FLFP_0._0._Ass_-999._999._Year_-999._999.                             
 203,          4.83962348,          3.83429000,          0.09104466,         -1.00533348,    377,Earnings     _Age_51._75._Mar_-999._999._Fem_0._0._Kid_-999._999._Edu_12._15._XP_26._999._FXP_-999._999._Coh_-999._999._LFP_1._999._FLFP_0._0._Ass_-999._999._Year_-999._999.                           
 204,          6.93499120,          8.37335000,          0.02329453,          1.43835880,     78,Earnings     _Age_51._75._Mar_-999._999._Fem_0._0._Kid_-999._999._Edu_16._999._XP_0._999._FXP_-999._999._Coh_-999._999._LFP_1._999._FLFP_0._0._Ass_-999._999._Year_-999._999.                           
 205,          6.93499120,          8.37335000,          0.02329453,          1.43835880,     78,Earnings     _Age_51._75._Mar_-999._999._Fem_0._0._Kid_-999._999._Edu_16._999._XP_0._999._FXP_-999._999._Coh_-999._999._LFP_1._999._FLFP_0._0._Ass_-999._999._Year_-999._999.                           
 206,          2.70571336,          1.48687000,          3.46632466,         -1.21884336,    357,Earnings     _Age_51._75._Mar_-999._999._Fem_1._1._Kid_-999._999._Edu_0._7._XP_0._15._FXP_-999._999._Coh_-999._999._LFP_1._999._FLFP_1._1._Ass_-999._999._Year_-999._999.                               
 207,          3.40388665,          1.41922000,          2.50331689,         -1.98466665,   1038,Earnings     _Age_51._75._Mar_-999._999._Fem_1._1._Kid_-999._999._Edu_0._7._XP_16._999._FXP_-999._999._Coh_-999._999._LFP_1._999._FLFP_1._1._Ass_-999._999._Year_-999._999.                             
 208,          3.50214436,          1.54893000,          1.93057647,         -1.95321436,    183,Earnings     _Age_51._75._Mar_-999._999._Fem_1._1._Kid_-999._999._Edu_8._11._XP_0._15._FXP_-999._999._Coh_-999._999._LFP_1._999._FLFP_1._1._Ass_-999._999._Year_-999._999.                              
 209,          4.77705315,          2.15619000,          0.91697691,         -2.62086315,    294,Earnings     _Age_51._75._Mar_-999._999._Fem_1._1._Kid_-999._999._Edu_8._11._XP_16._999._FXP_-999._999._Coh_-999._999._LFP_1._999._FLFP_1._1._Ass_-999._999._Year_-999._999.                            
 210,          5.25994768,          2.95263000,          0.31032867,         -2.30731768,    213,Earnings     _Age_51._75._Mar_-999._999._Fem_1._1._Kid_-999._999._Edu_12._15._XP_0._15._FXP_-999._999._Coh_-999._999._LFP_1._999._FLFP_1._1._Ass_-999._999._Year_-999._999.                             
 211,          5.86988212,          4.12996000,          0.18202370,         -1.73992212,    476,Earnings     _Age_51._75._Mar_-999._999._Fem_1._1._Kid_-999._999._Edu_12._15._XP_16._999._FXP_-999._999._Coh_-999._999._LFP_1._999._FLFP_1._1._Ass_-999._999._Year_-999._999.                           
 212,          7.04949082,          7.36207000,          0.11009118,          0.31257918,    210,Earnings     _Age_51._75._Mar_-999._999._Fem_1._1._Kid_-999._999._Edu_16._999._XP_0._999._FXP_-999._999._Coh_-999._999._LFP_1._999._FLFP_1._1._Ass_-999._999._Year_-999._999.                           
 213,          7.04949082,          7.36207000,          0.11009118,          0.31257918,    210,Earnings     _Age_51._75._Mar_-999._999._Fem_1._1._Kid_-999._999._Edu_16._999._XP_0._999._FXP_-999._999._Coh_-999._999._LFP_1._999._FLFP_1._1._Ass_-999._999._Year_-999._999.                           
 214,          0.74422050,          0.85067000,          1.76345072,          0.10644950,    962,Earnings     _Age_51._75._Mar_-999._999._Fem_1._1._Kid_-999._999._Edu_0._7._XP_0._15._FXP_-999._999._Coh_-999._999._LFP_1._999._FLFP_0._0._Ass_-999._999._Year_-999._999.                               
 215,          0.93329999,          1.14562000,          1.07551167,          0.21232001,    905,Earnings     _Age_51._75._Mar_-999._999._Fem_1._1._Kid_-999._999._Edu_0._7._XP_16._999._FXP_-999._999._Coh_-999._999._LFP_1._999._FLFP_0._0._Ass_-999._999._Year_-999._999.                             
 216,          1.44489578,          1.55668000,          0.50618303,          0.11178422,    214,Earnings     _Age_51._75._Mar_-999._999._Fem_1._1._Kid_-999._999._Edu_8._11._XP_0._15._FXP_-999._999._Coh_-999._999._LFP_1._999._FLFP_0._0._Ass_-999._999._Year_-999._999.                              
 217,          2.51239133,          1.38894000,          0.78654072,         -1.12345133,    212,Earnings     _Age_51._75._Mar_-999._999._Fem_1._1._Kid_-999._999._Edu_8._11._XP_16._999._FXP_-999._999._Coh_-999._999._LFP_1._999._FLFP_0._0._Ass_-999._999._Year_-999._999.                            
 218,          1.71984762,          1.18539000,          1.10492354,         -0.53445762,     68,Earnings     _Age_51._75._Mar_-999._999._Fem_1._1._Kid_-999._999._Edu_12._15._XP_0._15._FXP_-999._999._Coh_-999._999._LFP_1._999._FLFP_0._0._Ass_-999._999._Year_-999._999.                             
 219,          3.50577994,          3.20852000,          0.10193472,         -0.29725994,     89,Earnings     _Age_51._75._Mar_-999._999._Fem_1._1._Kid_-999._999._Edu_12._15._XP_16._999._FXP_-999._999._Coh_-999._999._LFP_1._999._FLFP_0._0._Ass_-999._999._Year_-999._999.                           
 220,          2.07336969,          4.94657000,          0.06370551,          2.87320031,     54,Earnings     _Age_51._75._Mar_-999._999._Fem_1._1._Kid_-999._999._Edu_16._999._XP_0._999._FXP_-999._999._Coh_-999._999._LFP_1._999._FLFP_0._0._Ass_-999._999._Year_-999._999.                           
 221,          2.07336969,          4.94657000,          0.06370551,          2.87320031,     54,Earnings     _Age_51._75._Mar_-999._999._Fem_1._1._Kid_-999._999._Edu_16._999._XP_0._999._FXP_-999._999._Coh_-999._999._LFP_1._999._FLFP_0._0._Ass_-999._999._Year_-999._999.                           
 222,          3.40535426,          1.84851000,          2.76655785,         -1.55684426,    267,Earnings     _Age_51._75._Mar_-999._999._Fem_0._0._Kid_-999._999._Edu_0._11._XP_0._20._FXP_-999._999._Coh_-999._999._LFP_1._999._FLFP_1._1._Ass_-999._999._Year_-999._999.                              
 223,          3.24263471,          2.65400000,          0.22662427,         -0.58863471,   1534,Earnings     _Age_51._75._Mar_-999._999._Fem_0._0._Kid_-999._999._Edu_0._11._XP_20._30._FXP_-999._999._Coh_-999._999._LFP_1._999._FLFP_1._1._Ass_-999._999._Year_-999._999.                             
 224,          2.60644439,          2.56366000,          0.39258486,         -0.04278439,   2184,Earnings     _Age_51._75._Mar_-999._999._Fem_0._0._Kid_-999._999._Edu_0._11._XP_30._40._FXP_-999._999._Coh_-999._999._LFP_1._999._FLFP_1._1._Ass_-999._999._Year_-999._999.                             
 225,          1.78764674,          2.46957000,          0.54593795,          0.68192326,    484,Earnings     _Age_51._75._Mar_-999._999._Fem_0._0._Kid_-999._999._Edu_0._11._XP_40._999._FXP_-999._999._Coh_-999._999._LFP_1._999._FLFP_1._1._Ass_-999._999._Year_-999._999.                            
 226,          3.49366523,          3.30621000,          0.13162606,         -0.18745523,     21,Earnings     _Age_51._75._Mar_-999._999._Fem_0._0._Kid_-999._999._Edu_12._999._XP_0._20._FXP_-999._999._Coh_-999._999._LFP_1._999._FLFP_1._1._Ass_-999._999._Year_-999._999.                            
 227,          5.61380237,          6.73929000,          0.03896331,          1.12548763,    329,Earnings     _Age_51._75._Mar_-999._999._Fem_0._0._Kid_-999._999._Edu_12._999._XP_20._30._FXP_-999._999._Coh_-999._999._LFP_1._999._FLFP_1._1._Ass_-999._999._Year_-999._999.                           
 228,          4.02253131,          6.02739000,          0.05006581,          2.00485869,    607,Earnings     _Age_51._75._Mar_-999._999._Fem_0._0._Kid_-999._999._Edu_12._999._XP_30._40._FXP_-999._999._Coh_-999._999._LFP_1._999._FLFP_1._1._Ass_-999._999._Year_-999._999.                           
 229,          3.44494279,          5.78533000,          0.05616315,          2.34038721,    121,Earnings     _Age_51._75._Mar_-999._999._Fem_0._0._Kid_-999._999._Edu_12._999._XP_40._999._FXP_-999._999._Coh_-999._999._LFP_1._999._FLFP_1._1._Ass_-999._999._Year_-999._999.                          
 230,          1.89931041,          1.24762000,          1.14855397,         -0.65169041,    393,Earnings     _Age_51._75._Mar_-999._999._Fem_0._0._Kid_-999._999._Edu_0._11._XP_0._20._FXP_-999._999._Coh_-999._999._LFP_1._999._FLFP_0._0._Ass_-999._999._Year_-999._999.                              
 231,          2.18402411,          1.52547000,          0.49686725,         -0.65855411,   1042,Earnings     _Age_51._75._Mar_-999._999._Fem_0._0._Kid_-999._999._Edu_0._11._XP_20._30._FXP_-999._999._Coh_-999._999._LFP_1._999._FLFP_0._0._Ass_-999._999._Year_-999._999.                             
 232,          2.36705147,          2.06332000,          0.45074282,         -0.30373147,   1189,Earnings     _Age_51._75._Mar_-999._999._Fem_0._0._Kid_-999._999._Edu_0._11._XP_30._40._FXP_-999._999._Coh_-999._999._LFP_1._999._FLFP_0._0._Ass_-999._999._Year_-999._999.                             
 233,          1.61306098,          1.80270000,          0.69570057,          0.18963902,    532,Earnings     _Age_51._75._Mar_-999._999._Fem_0._0._Kid_-999._999._Edu_0._11._XP_40._999._FXP_-999._999._Coh_-999._999._LFP_1._999._FLFP_0._0._Ass_-999._999._Year_-999._999.                            
 234,          5.91633746,          7.77903000,          0.01386180,          1.86269254,     31,Earnings     _Age_51._75._Mar_-999._999._Fem_0._0._Kid_-999._999._Edu_12._999._XP_0._20._FXP_-999._999._Coh_-999._999._LFP_1._999._FLFP_0._0._Ass_-999._999._Year_-999._999.                            
 235,          5.52354327,          4.36427000,          0.04558500,         -1.15927327,    196,Earnings     _Age_51._75._Mar_-999._999._Fem_0._0._Kid_-999._999._Edu_12._999._XP_20._30._FXP_-999._999._Coh_-999._999._LFP_1._999._FLFP_0._0._Ass_-999._999._Year_-999._999.                           
 236,          4.93158246,          4.55951000,          0.06044374,         -0.37207246,    209,Earnings     _Age_51._75._Mar_-999._999._Fem_0._0._Kid_-999._999._Edu_12._999._XP_30._40._FXP_-999._999._Coh_-999._999._LFP_1._999._FLFP_0._0._Ass_-999._999._Year_-999._999.                           
 237,          4.50780420,          4.91081000,          0.04208797,          0.40300580,     63,Earnings     _Age_51._75._Mar_-999._999._Fem_0._0._Kid_-999._999._Edu_12._999._XP_40._999._FXP_-999._999._Coh_-999._999._LFP_1._999._FLFP_0._0._Ass_-999._999._Year_-999._999.                          
 238,          2.80416297,          1.58515000,          2.83631619,         -1.21901297,    325,Earnings     _Age_51._75._Mar_-999._999._Fem_1._1._Kid_-999._999._Edu_0._11._XP_0._10._FXP_-999._999._Coh_-999._999._LFP_1._999._FLFP_1._1._Ass_-999._999._Year_-999._999.                              
 239,          3.72826808,          1.43121000,          2.21808180,         -2.29705808,    412,Earnings     _Age_51._75._Mar_-999._999._Fem_1._1._Kid_-999._999._Edu_0._11._XP_10._20._FXP_-999._999._Coh_-999._999._LFP_1._999._FLFP_1._1._Ass_-999._999._Year_-999._999.                             
 240,          3.24765196,          1.70114000,          1.41924496,         -1.54651196,    618,Earnings     _Age_51._75._Mar_-999._999._Fem_1._1._Kid_-999._999._Edu_0._11._XP_20._30._FXP_-999._999._Coh_-999._999._LFP_1._999._FLFP_1._1._Ass_-999._999._Year_-999._999.                             
 241,          4.04269193,          2.05578000,          0.90150190,         -1.98691193,    517,Earnings     _Age_51._75._Mar_-999._999._Fem_1._1._Kid_-999._999._Edu_0._11._XP_30._999._FXP_-999._999._Coh_-999._999._LFP_1._999._FLFP_1._1._Ass_-999._999._Year_-999._999.                            
 242,          5.89524146,          3.42448000,          0.25013945,         -2.47076146,    186,Earnings     _Age_51._75._Mar_-999._999._Fem_1._1._Kid_-999._999._Edu_12._999._XP_0._10._FXP_-999._999._Coh_-999._999._LFP_1._999._FLFP_1._1._Ass_-999._999._Year_-999._999.                            
 243,          4.79444672,          3.81722000,          0.14782010,         -0.97722672,    165,Earnings     _Age_51._75._Mar_-999._999._Fem_1._1._Kid_-999._999._Edu_12._999._XP_10._20._FXP_-999._999._Coh_-999._999._LFP_1._999._FLFP_1._1._Ass_-999._999._Year_-999._999.                           
 244,          5.72292893,          5.31759000,          0.11485777,         -0.40533893,    340,Earnings     _Age_51._75._Mar_-999._999._Fem_1._1._Kid_-999._999._Edu_12._999._XP_20._30._FXP_-999._999._Coh_-999._999._LFP_1._999._FLFP_1._1._Ass_-999._999._Year_-999._999.                           
 245,          7.50688153,          5.96393000,          0.09747073,         -1.54295153,    208,Earnings     _Age_51._75._Mar_-999._999._Fem_1._1._Kid_-999._999._Edu_12._999._XP_30._999._FXP_-999._999._Coh_-999._999._LFP_1._999._FLFP_1._1._Ass_-999._999._Year_-999._999.                          
 246,          0.90056934,          1.14364000,          0.87908997,          0.24307066,    894,Earnings     _Age_51._75._Mar_-999._999._Fem_1._1._Kid_-999._999._Edu_0._11._XP_0._10._FXP_-999._999._Coh_-999._999._LFP_1._999._FLFP_0._0._Ass_-999._999._Year_-999._999.                              
 247,          0.87312101,          1.09010000,          0.87082223,          0.21697899,    613,Earnings     _Age_51._75._Mar_-999._999._Fem_1._1._Kid_-999._999._Edu_0._11._XP_10._20._FXP_-999._999._Coh_-999._999._LFP_1._999._FLFP_0._0._Ass_-999._999._Year_-999._999.                             
 248,          1.42944424,          1.15881000,          1.01827809,         -0.27063424,    452,Earnings     _Age_51._75._Mar_-999._999._Fem_1._1._Kid_-999._999._Edu_0._11._XP_20._30._FXP_-999._999._Coh_-999._999._LFP_1._999._FLFP_0._0._Ass_-999._999._Year_-999._999.                             
 249,          1.24542008,          1.33962000,          0.84322720,          0.09419992,    334,Earnings     _Age_51._75._Mar_-999._999._Fem_1._1._Kid_-999._999._Edu_0._11._XP_30._999._FXP_-999._999._Coh_-999._999._LFP_1._999._FLFP_0._0._Ass_-999._999._Year_-999._999.                            
 250,          1.64009197,          1.13527000,          1.15204719,         -0.50482197,     55,Earnings     _Age_51._75._Mar_-999._999._Fem_1._1._Kid_-999._999._Edu_12._999._XP_0._10._FXP_-999._999._Coh_-999._999._LFP_1._999._FLFP_0._0._Ass_-999._999._Year_-999._999.                            
 251,          2.03496992,          2.91230000,          0.10293467,          0.87733008,     60,Earnings     _Age_51._75._Mar_-999._999._Fem_1._1._Kid_-999._999._Edu_12._999._XP_10._20._FXP_-999._999._Coh_-999._999._LFP_1._999._FLFP_0._0._Ass_-999._999._Year_-999._999.                           
 252,          3.10841087,          3.53575000,          0.08959763,          0.42733913,     64,Earnings     _Age_51._75._Mar_-999._999._Fem_1._1._Kid_-999._999._Edu_12._999._XP_20._30._FXP_-999._999._Coh_-999._999._LFP_1._999._FLFP_0._0._Ass_-999._999._Year_-999._999.                           
 253,          4.05263956,          3.65434000,          0.08873288,         -0.39829956,     32,Earnings     _Age_51._75._Mar_-999._999._Fem_1._1._Kid_-999._999._Edu_12._999._XP_30._999._FXP_-999._999._Coh_-999._999._LFP_1._999._FLFP_0._0._Ass_-999._999._Year_-999._999.                          
 254,          3.40266417,          3.46754000,          0.10389222,          0.06487583,   4464,Earnings     _Age_51._75._Mar_-999._999._Fem_-999._999._Kid_-999._999._Edu_-999._999._XP_-999._999._FXP_-999._999._Coh_-999._50._LFP_1._999._FLFP_1._1._Ass_-999._999._Year_-999._999.                  
 255,          3.37400176,          3.06194000,          0.16405437,         -0.31206176,   1324,Earnings     _Age_51._75._Mar_-999._999._Fem_-999._999._Kid_-999._999._Edu_-999._999._XP_-999._999._FXP_-999._999._Coh_51._52._LFP_1._999._FLFP_1._1._Ass_-999._999._Year_-999._999.                    
 256,          3.75286696,          3.74599000,          0.08201757,         -0.00687696,   2535,Earnings     _Age_51._75._Mar_-999._999._Fem_-999._999._Kid_-999._999._Edu_-999._999._XP_-999._999._FXP_-999._999._Coh_53._999._LFP_1._999._FLFP_1._1._Ass_-999._999._Year_-999._999.                   
 257,          1.87665573,          2.03753000,          0.15942022,          0.16087427,   3489,Earnings     _Age_51._75._Mar_-999._999._Fem_-999._999._Kid_-999._999._Edu_-999._999._XP_-999._999._FXP_-999._999._Coh_-999._50._LFP_1._999._FLFP_0._0._Ass_-999._999._Year_-999._999.                  
 258,          2.02453725,          2.07763000,          0.21945177,          0.05309275,    908,Earnings     _Age_51._75._Mar_-999._999._Fem_-999._999._Kid_-999._999._Edu_-999._999._XP_-999._999._FXP_-999._999._Coh_51._52._LFP_1._999._FLFP_0._0._Ass_-999._999._Year_-999._999.                    
