  0.102355808285946     
  0.104504504504505     
  9.382422802850356E-002
  0.174342105263158     
  0.225913621262458     
  0.185897435897436     
  0.134715025906736     
  0.143884892086331     
  0.154471544715447     
  0.324126726238830     
  0.291891891891892     
  0.290973871733967     
  0.486842105263158     
  0.368770764119601     
  0.410256410256410     
  0.430051813471503     
  0.345323741007194     
  0.504065040650406     
  0.112916328188465     
  0.115315315315315     
  0.121140142517815     
  0.121710526315789     
  6.976744186046512E-002
  0.112179487179487     
  0.202072538860104     
  0.165467625899281     
  0.105691056910569     
  0.460601137286759     
  0.488288288288288     
  0.494061757719715     
  0.217105263157895     
  0.335548172757475     
  0.291666666666667     
  0.233160621761658     
  0.345323741007194     
  0.235772357723577     
  0.861303413702554     
  0.838600797790733     
  0.722764838467318     
  0.360965372507870     
  0.203836930455636     
  0.578476821192053     
  0.321645628798504     
  0.218120805369128     
  0.114683815648446     
  3.797468354430380E-002
  0.773098680075424     
  0.631751227495908     
  0.284496124031008     
  7.714561234329798E-003
  5.194805194805195E-003
  0.000000000000000E+000
  0.411931818181818     
  0.461880341880342     
  0.540526762956669     
  0.320589680589681     
  0.420195439739414     
  0.545103092783505     
  0.797583081570997     
  0.447747747747748     
  0.492353231376418     
  0.307641269490213     
  8.710217755443886E-002
  0.344129554655870     
  0.303100775193798     
  0.450429121041728     
  4.172193416134089E-002
  3.451776649746193E-002
  0.648558758314856     
  0.645810464690816     
  0.528586278586279     
  0.511627906976744     
  0.540141081625798     
  0.515753424657534     
  0.488439306358382     
  0.478260869565217     
  0.548387096774194     
  0.532264080566953     
  0.713970912296166     
  0.676899462778204     
  0.715328467153285     
  0.427651747394237     
  0.528239202657807     
  0.814420803782506     
  0.795454545454545     
  0.000000000000000E+000
  0.704991587212563     
  0.690710030590887     
  0.000000000000000E+000
  0.577748861418347     
  0.722308288148722     
  0.230334051724138     
  0.284213362068966     
  9.590517241379311E-002
  0.508351293103448     
  0.818702290076336     
  5.916030534351145E-002
  0.122137404580153     
  4.000000000000000E-002
  0.673043478260870     
  0.286956521739130     
  6.337135614702154E-003
  2.408111533586819E-002
  0.969581749049430     
  0.766945925361767     
  0.103579588728104     
  0.129474485910129     
  0.104904632152589     
  0.599455040871935     
  0.295640326975477     
  4.507512520868114E-002
  0.230383973288815     
  0.724540901502504     
  8.519452449567723E-002
  0.291966858789625     
  0.250540345821326     
  0.135446685878963     
  8.645533141210375E-002
  0.150396253602305     
  0.306892778993435     
  0.282275711159737     
  0.156728665207877     
  8.205689277899343E-002
  5.306345733041575E-002
  0.118982494529540     
  0.165644171779141     
  0.221941537351137     
  0.162757127390834     
  0.108985925658607     
  8.516780945507037E-002
  0.255503428365211     
  0.656150159744409     
  0.190894568690096     
  6.669329073482429E-002
  3.753993610223642E-002
  1.637380191693291E-002
  3.234824281150159E-002
  6.851851851851852E-002
  0.260493827160494     
  0.191358024691358     
  0.146296296296296     
  0.112345679012346     
  0.220987654320988     
  0.161787365177196     
  0.268104776579353     
  0.194144838212635     
  0.117103235747304     
  8.166409861325115E-002
  0.177195685670262     
  0.137880986937591     
  0.159651669085631     
  0.142235123367199     
  0.120464441219158     
  8.127721335268505E-002
  0.358490566037736     
  0.248407643312102     
  0.286624203821656     
  0.216560509554140     
  8.917197452229299E-002
  3.821656050955414E-002
  0.121019108280255     
  0.410000000000000     
  0.160000000000000     
  8.000000000000000E-002
  4.000000000000000E-002
  7.000000000000001E-002
  1.000000000000000E-002
  0.230000000000000     
  0.407185628742515     
  0.101796407185629     
  0.107784431137725     
  5.988023952095808E-002
  7.185628742514970E-002
  3.592814371257485E-002
  0.215568862275449     
  0.288300835654596     
  0.352367688022284     
  0.121866295264624     
  7.451253481894150E-002
  4.108635097493036E-002
  2.298050139275766E-002
  9.888579387186630E-002
  0.315598548972189     
  0.217654171704958     
  0.112454655380895     
  8.706166868198308E-002
  5.199516324062878E-002
  3.990326481257558E-002
  0.175332527206771     
   2.87406915581198     
   2.27597983420706     
   4.07698451347278     
   3.41249409596266     
   6.21618789196170     
   4.18174894641645     
   5.09678679397550     
   5.09678679397550     
   1.75964670515910     
   1.82263393590105     
   2.64215504086244     
   3.44295003087424     
   4.89195392876101     
   4.83962348302700     
   6.93499119995400     
   6.93499119995400     
   2.70571335643083     
   3.40388665147214     
   3.50214435615299     
   4.77705314839717     
   5.25994768375186     
   5.86988211751768     
   7.04949081600387     
   7.04949081600387     
  0.744220502396430     
  0.933299990374232     
   1.44489578406120     
   2.51239133329474     
   1.71984761698232     
   3.50577994211886     
   2.07336968625143     
   2.07336968625143     
   3.40535426276163     
   3.24263470687935     
   2.60644438825874     
   1.78764674257545     
   3.49366523104735     
   5.61380237034913     
   4.02253131498095     
   3.44494278527066     
   1.89931040760785     
   2.18402411107358     
   2.36705146992521     
   1.61306098329976     
   5.91633746495334     
   5.52354326530905     
   4.93158245662890     
   4.50780420180170     
   2.80416296955215     
   3.72826808437749     
   3.24765195657734     
   4.04269193471158     
   5.89524146435315     
   4.79444671915195     
   5.72292892979256     
   7.50688153259206     
  0.900569342733869     
  0.873121007999007     
   1.42944424157501     
   1.24542008246184     
   1.64009197457944     
   2.03496992151808     
   3.10841087413285     
   4.05263956323431     
   3.40266417490012     
   3.37400176024884     
   3.75286696492961     
   1.87665572938842     
   2.02453725423125     
