  0.109682947729220     
  9.849906191369606E-002
  8.690476190476190E-002
  0.174418604651163     
  0.257763975155279     
  0.194078947368421     
  0.138248847926267     
  9.756097560975610E-002
  0.118110236220472     
  0.305055698371894     
  0.300187617260788     
  0.311904761904762     
  0.470930232558140     
  0.329192546583851     
  0.394736842105263     
  0.419354838709677     
  0.432926829268293     
  0.511811023622047     
  0.129391602399314     
  0.114446529080675     
  0.101190476190476     
  0.125000000000000     
  9.937888198757763E-002
  0.141447368421053     
  0.198156682027650     
  0.146341463414634     
  0.157480314960630     
  0.455869751499572     
  0.486866791744841     
  0.500000000000000     
  0.229651162790698     
  0.313664596273292     
  0.269736842105263     
  0.244239631336406     
  0.323170731707317     
  0.212598425196850     
  0.865155131264916     
  0.848382126348228     
  0.738901429646351     
  0.371909521304577     
  0.219473264166002     
  0.599858607281725     
  0.332518337408313     
  0.222593582887701     
  0.117270788912580     
  3.276353276353276E-002
  0.766798418972332     
  0.621234939759036     
  0.297488226059655     
  9.699321047526674E-003
  5.102040816326530E-003
  0.000000000000000E+000
  0.454392837157247     
  0.467802385008518     
  0.544147496617050     
  0.331659281142294     
  0.429162833486661     
  0.543916720884841     
  0.839285714285714     
  0.440754039497307     
  0.487097566969771     
  0.326643752078944     
  8.900928792569660E-002
  0.367723615712257     
  0.337330135891287     
  0.454328001195993     
  4.419475655430712E-002
  3.409825468648998E-002
  0.625655172413793     
  0.636759898292772     
  0.550916496945010     
  0.507779349363508     
  0.521767594108020     
  0.483720930232558     
  0.457865168539326     
  0.375000000000000     
  0.481481481481481     
  0.538746069909377     
  0.679738562091503     
  0.655530809205642     
  0.698181818181818     
  0.402019002375297     
  0.508038585209003     
  0.765550239234450     
  0.843971631205674     
  0.000000000000000E+000
  0.667239404352806     
  0.692976906042392     
  0.000000000000000E+000
  0.563553826199741     
  0.702733923758183     
  0.232945091514143     
  0.287021630615641     
  9.345535219079312E-002
  0.524958402662230     
  0.779497098646035     
  8.897485493230174E-002
  0.131528046421663     
  4.033613445378152E-002
  0.717647058823529     
  0.242016806722689     
  5.144694533762058E-003
  2.893890675241157E-002
  0.965916398713826     
  0.761760242792109     
  0.106980273141123     
  0.131259484066768     
  0.100271002710027     
  0.600271002710027     
  0.299457994579946     
  4.421768707482993E-002
  0.282312925170068     
  0.673469387755102     
  9.462869502523431E-002
  0.290735400144196     
  0.243330930064888     
  0.140050468637347     
  7.714491708723864E-002
  0.154109589041096     
  0.304555084745763     
  0.288400423728814     
  0.150688559322034     
  9.163135593220340E-002
  4.978813559322034E-002
  0.114936440677966     
  0.147080561714708     
  0.214338507021434     
  0.171101256467110     
  0.120473022912047     
  8.240946045824095E-002
  0.264597191426460     
  0.664577957980096     
  0.186877994839661     
  6.376704754883893E-002
  2.948765204570586E-002
  2.248433468485072E-002
  3.280501290084777E-002
  7.371794871794872E-002
  0.228846153846154     
  0.245512820512821     
  0.177564102564103     
  9.230769230769231E-002
  0.182051282051282     
  0.137414965986395     
  0.291156462585034     
  0.212244897959184     
  0.118367346938776     
  7.755102040816327E-002
  0.163265306122449     
  0.123437500000000     
  0.156250000000000     
  0.135937500000000     
  0.126562500000000     
  8.593750000000000E-002
  0.371875000000000     
  0.352040816326531     
  0.280612244897959     
  0.137755102040816     
  4.591836734693878E-002
  4.591836734693878E-002
  0.137755102040816     
  0.367346938775510     
  0.142857142857143     
  6.122448979591837E-002
  4.081632653061224E-002
  4.081632653061224E-002
  5.102040816326531E-002
  0.295918367346939     
  0.406417112299465     
  0.128342245989305     
  0.117647058823529     
  5.882352941176471E-002
  5.347593582887700E-002
  3.208556149732621E-002
  0.203208556149733     
  0.292821606254442     
  0.319118692253021     
  0.156361051883440     
  6.965174129353234E-002
  2.985074626865672E-002
  2.700781805259417E-002
  0.105188343994314     
  0.287356321839080     
  0.227586206896552     
  0.121839080459770     
  8.850574712643679E-002
  5.862068965517241E-002
  4.942528735632184E-002
  0.166666666666667     
   2.88494585169991     
   2.23301519432133     
   3.73669035678744     
   3.20736919788363     
   7.87037690478304     
   4.50267186690042     
   5.80972115585107     
   5.80972115585107     
   1.72748003120990     
   1.83491293407067     
   2.76155803203589     
   3.26955811290970     
   4.97086332026058     
   4.08536639475902     
   7.15821883918855     
   7.15821883918855     
   3.12442202886203     
   3.49761593570370     
   3.34523494078879     
   5.04010155030337     
   4.13274918682201     
   6.10219299563225     
   6.18009717383283     
   6.18009717383283     
  0.739398862144470     
   1.00682008340991     
   1.34040051613235     
   2.20735894997262     
   1.81349582211496     
   2.83165674590558     
   2.30224859471024     
   2.30224859471024     
   3.35334808935300     
   3.14898886245538     
   2.43619431733190     
   1.80760179248251     
   3.34763922658060     
   6.31787335682845     
   4.52019968390113     
   3.36363238906965     
   1.79504479133966     
   2.19288620505819     
   2.40160542994628     
   1.62572580766856     
   5.12109801894664     
   5.55832808429624     
   3.88638220734606     
   4.18360680496650     
   3.11325643394531     
   3.50743503434812     
   3.39506313007009     
   4.47671487724029     
   4.43135850811254     
   5.32153489390164     
   5.71521027535014     
   6.97181241964398     
  0.837806812638362     
  0.902279662945133     
   1.17132810226977     
   1.51138108574193     
   1.64353538538200     
   2.32783995527343     
   2.86580782143474     
   2.93862876065319     
   3.47920836638861     
   3.30747288716172     
   3.64858623168708     
   1.86175806306085     
   2.03859814511457     
