		collinear	means	Assets	Assets	LFP	LFP	Cov	Cov	Earn	Earn	lagEarn	lagEarn	EarnDif	EarnDif	NbEarn	NbEarn	NbCov	NbCov	Age	Age	Married	Married	Female	Female	Numk	Numk	Edu	Edu	XP	XP	CovXP	CovXP	Cohort	Cohort	LFP	LFP	Cov	Cov	lagLFP	lagLFP	lagCov	lagCov	Assets	Assets	Year	Year	YearOdd	YearOdd
1	0_Assets	0	0	0	0.09999999	-999	999	-999	999	-999	999	-999	999	-999	999	-999	999	-999	999	51	55	1	1	-999	999	-999	999	-999	999	-999	999	-999	999	-999	999	-999	999	-999	999	-999	999	-999	999	-999	999	2006	2006	0	0
2	0_Assets	0	0	0	0.09999999	-999	999	-999	999	-999	999	-999	999	-999	999	-999	999	-999	999	56	61	1	1	-999	999	-999	999	-999	999	-999	999	-999	999	-999	999	-999	999	-999	999	-999	999	-999	999	-999	999	2006	2006	0	0
3	0_Assets	0	0	0	0.09999999	-999	999	-999	999	-999	999	-999	999	-999	999	-999	999	-999	999	61	66	1	1	-999	999	-999	999	-999	999	-999	999	-999	999	-999	999	-999	999	-999	999	-999	999	-999	999	-999	999	2006	2006	0	0
4	0_Assets	0	0	0	0.09999999	-999	999	-999	999	-999	999	-999	999	-999	999	-999	999	-999	999	51	55	0	0	1	1	-999	999	-999	999	-999	999	-999	999	-999	999	-999	999	-999	999	-999	999	-999	999	-999	999	2006	2006	0	0
5	0_Assets	0	0	0	0.09999999	-999	999	-999	999	-999	999	-999	999	-999	999	-999	999	-999	999	56	61	0	0	1	1	-999	999	-999	999	-999	999	-999	999	-999	999	-999	999	-999	999	-999	999	-999	999	-999	999	2006	2006	0	0
6	0_Assets	0	0	0	0.09999999	-999	999	-999	999	-999	999	-999	999	-999	999	-999	999	-999	999	61	66	0	0	1	1	-999	999	-999	999	-999	999	-999	999	-999	999	-999	999	-999	999	-999	999	-999	999	-999	999	2006	2006	0	0
7	0_Assets	0	0	0	0.09999999	-999	999	-999	999	-999	999	-999	999	-999	999	-999	999	-999	999	51	55	0	0	0	0	-999	999	-999	999	-999	999	-999	999	-999	999	-999	999	-999	999	-999	999	-999	999	-999	999	2006	2006	0	0
8	0_Assets	0	0	0	0.09999999	-999	999	-999	999	-999	999	-999	999	-999	999	-999	999	-999	999	56	61	0	0	0	0	-999	999	-999	999	-999	999	-999	999	-999	999	-999	999	-999	999	-999	999	-999	999	-999	999	2006	2006	0	0
9	0_Assets	0	0	0	0.09999999	-999	999	-999	999	-999	999	-999	999	-999	999	-999	999	-999	999	61	66	0	0	0	0	-999	999	-999	999	-999	999	-999	999	-999	999	-999	999	-999	999	-999	999	-999	999	-999	999	2006	2006	0	0
10	Assets<5	0	0	0.1	5	-999	999	-999	999	-999	999	-999	999	-999	999	-999	999	-999	999	51	55	1	1	-999	999	-999	999	-999	999	-999	999	-999	999	-999	999	-999	999	-999	999	-999	999	-999	999	-999	999	2006	2006	0	0
11	Assets<5	0	0	0.1	5	-999	999	-999	999	-999	999	-999	999	-999	999	-999	999	-999	999	56	61	1	1	-999	999	-999	999	-999	999	-999	999	-999	999	-999	999	-999	999	-999	999	-999	999	-999	999	-999	999	2006	2006	0	0
12	Assets<5	0	0	0.1	5	-999	999	-999	999	-999	999	-999	999	-999	999	-999	999	-999	999	61	66	1	1	-999	999	-999	999	-999	999	-999	999	-999	999	-999	999	-999	999	-999	999	-999	999	-999	999	-999	999	2006	2006	0	0
13	Assets<5	0	0	0.1	5	-999	999	-999	999	-999	999	-999	999	-999	999	-999	999	-999	999	51	55	0	0	1	1	-999	999	-999	999	-999	999	-999	999	-999	999	-999	999	-999	999	-999	999	-999	999	-999	999	2006	2006	0	0
14	Assets<5	0	0	0.1	5	-999	999	-999	999	-999	999	-999	999	-999	999	-999	999	-999	999	56	61	0	0	1	1	-999	999	-999	999	-999	999	-999	999	-999	999	-999	999	-999	999	-999	999	-999	999	-999	999	2006	2006	0	0
15	Assets<5	0	0	0.1	5	-999	999	-999	999	-999	999	-999	999	-999	999	-999	999	-999	999	61	66	0	0	1	1	-999	999	-999	999	-999	999	-999	999	-999	999	-999	999	-999	999	-999	999	-999	999	-999	999	2006	2006	0	0
16	Assets<5	0	0	0.1	5	-999	999	-999	999	-999	999	-999	999	-999	999	-999	999	-999	999	51	55	0	0	0	0	-999	999	-999	999	-999	999	-999	999	-999	999	-999	999	-999	999	-999	999	-999	999	-999	999	2006	2006	0	0
17	Assets<5	0	0	0.1	5	-999	999	-999	999	-999	999	-999	999	-999	999	-999	999	-999	999	56	61	0	0	0	0	-999	999	-999	999	-999	999	-999	999	-999	999	-999	999	-999	999	-999	999	-999	999	-999	999	2006	2006	0	0
18	Assets<5	0	0	0.1	5	-999	999	-999	999	-999	999	-999	999	-999	999	-999	999	-999	999	61	66	0	0	0	0	-999	999	-999	999	-999	999	-999	999	-999	999	-999	999	-999	999	-999	999	-999	999	-999	999	2006	2006	0	0
19	Assets<10	0	0	5.00000001	10	-999	999	-999	999	-999	999	-999	999	-999	999	-999	999	-999	999	51	55	1	1	-999	999	-999	999	-999	999	-999	999	-999	999	-999	999	-999	999	-999	999	-999	999	-999	999	-999	999	2006	2006	0	0
20	Assets<10	0	0	5.00000001	10	-999	999	-999	999	-999	999	-999	999	-999	999	-999	999	-999	999	56	61	1	1	-999	999	-999	999	-999	999	-999	999	-999	999	-999	999	-999	999	-999	999	-999	999	-999	999	-999	999	2006	2006	0	0
21	Assets<10	0	0	5.00000001	10	-999	999	-999	999	-999	999	-999	999	-999	999	-999	999	-999	999	61	66	1	1	-999	999	-999	999	-999	999	-999	999	-999	999	-999	999	-999	999	-999	999	-999	999	-999	999	-999	999	2006	2006	0	0
22	Assets<10	0	0	5.00000001	10	-999	999	-999	999	-999	999	-999	999	-999	999	-999	999	-999	999	51	55	0	0	1	1	-999	999	-999	999	-999	999	-999	999	-999	999	-999	999	-999	999	-999	999	-999	999	-999	999	2006	2006	0	0
23	Assets<10	0	0	5.00000001	10	-999	999	-999	999	-999	999	-999	999	-999	999	-999	999	-999	999	56	61	0	0	1	1	-999	999	-999	999	-999	999	-999	999	-999	999	-999	999	-999	999	-999	999	-999	999	-999	999	2006	2006	0	0
24	Assets<10	0	0	5.00000001	10	-999	999	-999	999	-999	999	-999	999	-999	999	-999	999	-999	999	61	66	0	0	1	1	-999	999	-999	999	-999	999	-999	999	-999	999	-999	999	-999	999	-999	999	-999	999	-999	999	2006	2006	0	0
25	Assets<10	0	0	5.00000001	10	-999	999	-999	999	-999	999	-999	999	-999	999	-999	999	-999	999	51	55	0	0	0	0	-999	999	-999	999	-999	999	-999	999	-999	999	-999	999	-999	999	-999	999	-999	999	-999	999	2006	2006	0	0
26	Assets<10	0	0	5.00000001	10	-999	999	-999	999	-999	999	-999	999	-999	999	-999	999	-999	999	56	61	0	0	0	0	-999	999	-999	999	-999	999	-999	999	-999	999	-999	999	-999	999	-999	999	-999	999	-999	999	2006	2006	0	0
27	Assets<10	0	0	5.00000001	10	-999	999	-999	999	-999	999	-999	999	-999	999	-999	999	-999	999	61	66	0	0	0	0	-999	999	-999	999	-999	999	-999	999	-999	999	-999	999	-999	999	-999	999	-999	999	-999	999	2006	2006	0	0
28	Assets>10	0	0	10.00000001	999	-999	999	-999	999	-999	999	-999	999	-999	999	-999	999	-999	999	51	55	1	1	-999	999	-999	999	-999	999	-999	999	-999	999	-999	999	-999	999	-999	999	-999	999	-999	999	-999	999	2006	2006	0	0
29	Assets>10	0	0	10.00000001	999	-999	999	-999	999	-999	999	-999	999	-999	999	-999	999	-999	999	56	61	1	1	-999	999	-999	999	-999	999	-999	999	-999	999	-999	999	-999	999	-999	999	-999	999	-999	999	-999	999	2006	2006	0	0
30	Assets>10	0	0	10.00000001	999	-999	999	-999	999	-999	999	-999	999	-999	999	-999	999	-999	999	61	66	1	1	-999	999	-999	999	-999	999	-999	999	-999	999	-999	999	-999	999	-999	999	-999	999	-999	999	-999	999	2006	2006	0	0
31	Assets>10	0	0	10.00000001	999	-999	999	-999	999	-999	999	-999	999	-999	999	-999	999	-999	999	51	55	0	0	1	1	-999	999	-999	999	-999	999	-999	999	-999	999	-999	999	-999	999	-999	999	-999	999	-999	999	2006	2006	0	0
32	Assets>10	0	0	10.00000001	999	-999	999	-999	999	-999	999	-999	999	-999	999	-999	999	-999	999	56	61	0	0	1	1	-999	999	-999	999	-999	999	-999	999	-999	999	-999	999	-999	999	-999	999	-999	999	-999	999	2006	2006	0	0
33	Assets>10	0	0	10.00000001	999	-999	999	-999	999	-999	999	-999	999	-999	999	-999	999	-999	999	61	66	0	0	1	1	-999	999	-999	999	-999	999	-999	999	-999	999	-999	999	-999	999	-999	999	-999	999	-999	999	2006	2006	0	0
34	Assets>10	0	0	10.00000001	999	-999	999	-999	999	-999	999	-999	999	-999	999	-999	999	-999	999	51	55	0	0	0	0	-999	999	-999	999	-999	999	-999	999	-999	999	-999	999	-999	999	-999	999	-999	999	-999	999	2006	2006	0	0
35	Assets>10	0	0	10.00000001	999	-999	999	-999	999	-999	999	-999	999	-999	999	-999	999	-999	999	56	61	0	0	0	0	-999	999	-999	999	-999	999	-999	999	-999	999	-999	999	-999	999	-999	999	-999	999	-999	999	2006	2006	0	0
36	Assets>10	0	0	10.00000001	999	-999	999	-999	999	-999	999	-999	999	-999	999	-999	999	-999	999	61	66	0	0	0	0	-999	999	-999	999	-999	999	-999	999	-999	999	-999	999	-999	999	-999	999	-999	999	-999	999	2006	2006	0	0
37	LFP	0	0	-999	999	1	999	-999	999	-999	999	-999	999	-999	999	-999	999	-999	999	51	55	-999	999	0	0	-999	999	-999	999	-999	999	-999	999	-999	999	-999	999	-999	999	-999	999	-999	999	-999	999	2004	2008	0	1
38	LFP	0	0	-999	999	1	999	-999	999	-999	999	-999	999	-999	999	-999	999	-999	999	56	60	-999	999	0	0	-999	999	-999	999	-999	999	-999	999	-999	999	-999	999	-999	999	-999	999	-999	999	-999	999	2004	2008	0	1
39	LFP	0	0	-999	999	1	999	-999	999	-999	999	-999	999	-999	999	-999	999	-999	999	61	65	-999	999	0	0	-999	999	-999	999	-999	999	-999	999	-999	999	-999	999	-999	999	-999	999	-999	999	-999	999	2004	2008	0	1
40	LFP	0	0	-999	999	1	999	-999	999	-999	999	-999	999	-999	999	-999	999	-999	999	66	70	-999	999	0	0	-999	999	-999	999	-999	999	-999	999	-999	999	-999	999	-999	999	-999	999	-999	999	-999	999	2004	2008	0	1
41	LFP	0	0	-999	999	1	999	-999	999	-999	999	-999	999	-999	999	-999	999	-999	999	71	75	-999	999	0	0	-999	999	-999	999	-999	999	-999	999	-999	999	-999	999	-999	999	-999	999	-999	999	-999	999	2004	2008	0	1
42	LFP	0	0	-999	999	1	999	-999	999	-999	999	-999	999	-999	999	-999	999	-999	999	51	55	1	1	1	1	-999	999	-999	999	-999	999	-999	999	-999	999	-999	999	-999	999	-999	999	-999	999	-999	999	2004	2008	0	1
43	LFP	0	0	-999	999	1	999	-999	999	-999	999	-999	999	-999	999	-999	999	-999	999	56	60	1	1	1	1	-999	999	-999	999	-999	999	-999	999	-999	999	-999	999	-999	999	-999	999	-999	999	-999	999	2004	2008	0	1
44	LFP	0	0	-999	999	1	999	-999	999	-999	999	-999	999	-999	999	-999	999	-999	999	61	65	1	1	1	1	-999	999	-999	999	-999	999	-999	999	-999	999	-999	999	-999	999	-999	999	-999	999	-999	999	2004	2008	0	1
45	LFP	0	0	-999	999	1	999	-999	999	-999	999	-999	999	-999	999	-999	999	-999	999	66	70	1	1	1	1	-999	999	-999	999	-999	999	-999	999	-999	999	-999	999	-999	999	-999	999	-999	999	-999	999	2004	2008	0	1
46	LFP	0	0	-999	999	1	999	-999	999	-999	999	-999	999	-999	999	-999	999	-999	999	71	75	1	1	1	1	-999	999	-999	999	-999	999	-999	999	-999	999	-999	999	-999	999	-999	999	-999	999	-999	999	2004	2008	0	1
47	LFP	0	0	-999	999	1	999	-999	999	-999	999	-999	999	-999	999	-999	999	-999	999	51	55	0	0	1	1	-999	999	-999	999	-999	999	-999	999	-999	999	-999	999	-999	999	-999	999	-999	999	-999	999	2004	2008	0	1
48	LFP	0	0	-999	999	1	999	-999	999	-999	999	-999	999	-999	999	-999	999	-999	999	56	60	0	0	1	1	-999	999	-999	999	-999	999	-999	999	-999	999	-999	999	-999	999	-999	999	-999	999	-999	999	2004	2008	0	1
49	LFP	0	0	-999	999	1	999	-999	999	-999	999	-999	999	-999	999	-999	999	-999	999	61	65	0	0	1	1	-999	999	-999	999	-999	999	-999	999	-999	999	-999	999	-999	999	-999	999	-999	999	-999	999	2004	2008	0	1
50	LFP	0	0	-999	999	1	999	-999	999	-999	999	-999	999	-999	999	-999	999	-999	999	66	70	0	0	1	1	-999	999	-999	999	-999	999	-999	999	-999	999	-999	999	-999	999	-999	999	-999	999	-999	999	2004	2008	0	1
51	LFP	0	0	-999	999	1	999	-999	999	-999	999	-999	999	-999	999	-999	999	-999	999	71	75	0	0	1	1	-999	999	-999	999	-999	999	-999	999	-999	999	-999	999	-999	999	-999	999	-999	999	-999	999	2004	2008	0	1
52	LFP	0	0	-999	999	1	999	-999	999	-999	999	-999	999	-999	999	-999	999	-999	999	51	75	-999	999	1	1	-999	999	-999	999	0	0	-999	999	-999	999	-999	999	-999	999	-999	999	-999	999	-999	999	2004	2008	0	1
53	LFP	0	0	-999	999	1	999	-999	999	-999	999	-999	999	-999	999	-999	999	-999	999	51	75	-999	999	1	1	-999	999	-999	999	0.5	5	-999	999	-999	999	-999	999	-999	999	-999	999	-999	999	-999	999	2004	2008	0	1
54	LFP	0	0	-999	999	1	999	-999	999	-999	999	-999	999	-999	999	-999	999	-999	999	51	75	-999	999	1	1	-999	999	-999	999	5.5	15	-999	999	-999	999	-999	999	-999	999	-999	999	-999	999	-999	999	2004	2008	0	1
55	LFP	0	0	-999	999	1	999	-999	999	-999	999	-999	999	-999	999	-999	999	-999	999	51	75	-999	999	1	1	-999	999	-999	999	16	999	-999	999	-999	999	-999	999	-999	999	-999	999	-999	999	-999	999	2004	2008	0	1
56	LFP	0	0	-999	999	1	999	-999	999	-999	999	-999	999	-999	999	-999	999	-999	999	51	75	-999	999	1	1	-999	999	0	7	-999	999	-999	999	-999	999	-999	999	-999	999	-999	999	-999	999	-999	999	2004	2008	0	1
57	LFP	0	0	-999	999	1	999	-999	999	-999	999	-999	999	-999	999	-999	999	-999	999	51	75	-999	999	1	1	-999	999	8	11	-999	999	-999	999	-999	999	-999	999	-999	999	-999	999	-999	999	-999	999	2004	2008	0	1
58	LFP	0	0	-999	999	1	999	-999	999	-999	999	-999	999	-999	999	-999	999	-999	999	51	75	-999	999	1	1	-999	999	12	15	-999	999	-999	999	-999	999	-999	999	-999	999	-999	999	-999	999	-999	999	2004	2008	0	1
59	LFP	0	0	-999	999	1	999	-999	999	-999	999	-999	999	-999	999	-999	999	-999	999	51	75	-999	999	1	1	-999	999	16	999	-999	999	-999	999	-999	999	-999	999	-999	999	-999	999	-999	999	-999	999	2004	2008	0	1
60	LFP	0	0	-999	999	1	999	-999	999	-999	999	-999	999	-999	999	-999	999	-999	999	51	75	-999	999	1	1	0	0	-999	999	-999	999	-999	999	-999	999	-999	999	-999	999	-999	999	-999	999	-999	999	2004	2008	0	1
61	LFP	0	0	-999	999	1	999	-999	999	-999	999	-999	999	-999	999	-999	999	-999	999	51	75	-999	999	1	1	1	2	-999	999	-999	999	-999	999	-999	999	-999	999	-999	999	-999	999	-999	999	-999	999	2004	2008	0	1
62	LFP	0	0	-999	999	1	999	-999	999	-999	999	-999	999	-999	999	-999	999	-999	999	51	75	-999	999	1	1	3	999	-999	999	-999	999	-999	999	-999	999	-999	999	-999	999	-999	999	-999	999	-999	999	2004	2008	0	1
63	LFP	0	0	-999	999	1	999	-999	999	-999	999	-999	999	-999	999	-999	999	-999	999	51	75	-999	999	1	1	-999	999	-999	999	-999	999	-999	999	-999	999	-999	999	-999	999	-999	999	-999	999	0	0	2004	2008	0	1
64	LFP	0	0	-999	999	1	999	-999	999	-999	999	-999	999	-999	999	-999	999	-999	999	51	75	-999	999	1	1	-999	999	-999	999	-999	999	-999	999	-999	999	-999	999	-999	999	-999	999	-999	999	0.1	3	2004	2008	0	1
65	LFP	0	0	-999	999	1	999	-999	999	-999	999	-999	999	-999	999	-999	999	-999	999	51	75	-999	999	1	1	-999	999	-999	999	-999	999	-999	999	-999	999	-999	999	-999	999	-999	999	-999	999	3.1	6	2004	2008	0	1
66	LFP	0	0	-999	999	1	999	-999	999	-999	999	-999	999	-999	999	-999	999	-999	999	51	75	-999	999	1	1	-999	999	-999	999	-999	999	-999	999	-999	999	-999	999	-999	999	-999	999	-999	999	6.1	999	2004	2008	0	1
67	Part-Time	0	0	-999	999	2	999	-999	999	-999	999	-999	999	-999	999	-999	999	-999	999	51	75	1	1	1	1	-999	999	-999	999	-999	999	-999	999	-999	999	-999	999	-999	999	-999	999	-999	999	-999	999	2004	2008	0	1
68	Part-Time	0	0	-999	999	2	999	-999	999	-999	999	-999	999	-999	999	-999	999	-999	999	51	75	0	0	1	1	-999	999	-999	999	-999	999	-999	999	-999	999	-999	999	-999	999	-999	999	-999	999	-999	999	2004	2008	0	1
69	FLFP	0	0	-999	999	-999	999	1	1	-999	999	-999	999	-999	999	-999	999	-999	999	51	55	-999	999	0	0	-999	999	-999	999	-999	999	-999	999	-999	999	1	999	-999	999	-999	999	-999	999	-999	999	2004	2008	0	1
70	FLFP	0	0	-999	999	-999	999	1	1	-999	999	-999	999	-999	999	-999	999	-999	999	56	60	-999	999	0	0	-999	999	-999	999	-999	999	-999	999	-999	999	1	999	-999	999	-999	999	-999	999	-999	999	2004	2008	0	1
71	FLFP	0	0	-999	999	-999	999	1	1	-999	999	-999	999	-999	999	-999	999	-999	999	61	65	-999	999	0	0	-999	999	-999	999	-999	999	-999	999	-999	999	1	999	-999	999	-999	999	-999	999	-999	999	2004	2008	0	1
72	FLFP	0	0	-999	999	-999	999	1	1	-999	999	-999	999	-999	999	-999	999	-999	999	66	70	-999	999	0	0	-999	999	-999	999	-999	999	-999	999	-999	999	1	999	-999	999	-999	999	-999	999	-999	999	2004	2008	0	1
73	FLFP	0	0	-999	999	-999	999	1	1	-999	999	-999	999	-999	999	-999	999	-999	999	51	55	-999	999	1	1	-999	999	-999	999	-999	999	-999	999	-999	999	1	999	-999	999	-999	999	-999	999	-999	999	2004	2008	0	1
74	FLFP	0	0	-999	999	-999	999	1	1	-999	999	-999	999	-999	999	-999	999	-999	999	56	60	-999	999	1	1	-999	999	-999	999	-999	999	-999	999	-999	999	1	999	-999	999	-999	999	-999	999	-999	999	2004	2008	0	1
75	FLFP	0	0	-999	999	-999	999	1	1	-999	999	-999	999	-999	999	-999	999	-999	999	61	65	-999	999	1	1	-999	999	-999	999	-999	999	-999	999	-999	999	1	999	-999	999	-999	999	-999	999	-999	999	2004	2008	0	1
76	FLFP	0	0	-999	999	-999	999	1	1	-999	999	-999	999	-999	999	-999	999	-999	999	66	70	-999	999	1	1	-999	999	-999	999	-999	999	-999	999	-999	999	1	999	-999	999	-999	999	-999	999	-999	999	2004	2008	0	1
77	FLFP	0	0	-999	999	-999	999	1	1	-999	999	-999	999	-999	999	-999	999	-999	999	71	75	-999	999	1	1	-999	999	-999	999	-999	999	-999	999	-999	999	1	999	-999	999	-999	999	-999	999	-999	999	2004	2008	0	1
78	FLFP	0	0	-999	999	-999	999	1	1	-999	999	-999	999	-999	999	-999	999	-999	999	51	75	-999	999	0	0	-999	999	0	7	-999	999	-999	999	-999	999	1	999	-999	999	-999	999	-999	999	-999	999	2004	2008	0	1
79	FLFP	0	0	-999	999	-999	999	1	1	-999	999	-999	999	-999	999	-999	999	-999	999	51	75	-999	999	0	0	-999	999	8	11	-999	999	-999	999	-999	999	1	999	-999	999	-999	999	-999	999	-999	999	2004	2008	0	1
80	FLFP	0	0	-999	999	-999	999	1	1	-999	999	-999	999	-999	999	-999	999	-999	999	51	75	-999	999	0	0	-999	999	12	15	-999	999	-999	999	-999	999	1	999	-999	999	-999	999	-999	999	-999	999	2004	2008	0	1
81	FLFP	0	0	-999	999	-999	999	1	1	-999	999	-999	999	-999	999	-999	999	-999	999	51	75	-999	999	0	0	-999	999	16	999	-999	999	-999	999	-999	999	1	999	-999	999	-999	999	-999	999	-999	999	2004	2008	0	1
82	FLFP	0	0	-999	999	-999	999	1	1	-999	999	-999	999	-999	999	-999	999	-999	999	51	75	-999	999	1	1	-999	999	0	7	-999	999	-999	999	-999	999	1	999	-999	999	-999	999	-999	999	-999	999	2004	2008	0	1
83	FLFP	0	0	-999	999	-999	999	1	1	-999	999	-999	999	-999	999	-999	999	-999	999	51	75	-999	999	1	1	-999	999	8	11	-999	999	-999	999	-999	999	1	999	-999	999	-999	999	-999	999	-999	999	2004	2008	0	1
84	FLFP	0	0	-999	999	-999	999	1	1	-999	999	-999	999	-999	999	-999	999	-999	999	51	75	-999	999	1	1	-999	999	12	15	-999	999	-999	999	-999	999	1	999	-999	999	-999	999	-999	999	-999	999	2004	2008	0	1
85	FLFP	0	0	-999	999	-999	999	1	1	-999	999	-999	999	-999	999	-999	999	-999	999	51	75	-999	999	1	1	-999	999	16	999	-999	999	-999	999	-999	999	1	999	-999	999	-999	999	-999	999	-999	999	2004	2008	0	1
86	FLFP	0	0	-999	999	-999	999	1	1	-999	999	-999	999	-999	999	-999	999	-999	999	51	75	-999	999	0	0	-999	999	-999	999	-999	999	0	0	-999	999	1	999	-999	999	-999	999	-999	999	-999	999	2004	2008	0	1
87	FLFP	0	0	-999	999	-999	999	1	1	-999	999	-999	999	-999	999	-999	999	-999	999	51	75	-999	999	0	0	-999	999	-999	999	-999	999	1	10	-999	999	1	999	-999	999	-999	999	-999	999	-999	999	2004	2008	0	1
88	FLFP	0	0	-999	999	-999	999	1	1	-999	999	-999	999	-999	999	-999	999	-999	999	51	75	-999	999	0	0	-999	999	-999	999	-999	999	11	999	-999	999	1	999	-999	999	-999	999	-999	999	-999	999	2004	2008	0	1
89	FLFP	0	0	-999	999	-999	999	1	1	-999	999	-999	999	-999	999	-999	999	-999	999	51	75	-999	999	1	1	-999	999	-999	999	-999	999	0	0	-999	999	1	999	-999	999	-999	999	-999	999	-999	999	2004	2008	0	1
90	FLFP	0	0	-999	999	-999	999	1	1	-999	999	-999	999	-999	999	-999	999	-999	999	51	75	-999	999	1	1	-999	999	-999	999	-999	999	1	10	-999	999	1	999	-999	999	-999	999	-999	999	-999	999	2004	2008	0	1
91	FLFP	0	0	-999	999	-999	999	1	1	-999	999	-999	999	-999	999	-999	999	-999	999	51	75	-999	999	1	1	-999	999	-999	999	-999	999	11	999	-999	999	1	999	-999	999	-999	999	-999	999	-999	999	2004	2008	0	1
92	HHLFP	0	0	-999	999	-999	999	-999	999	-999	999	-999	999	-999	999	2	2	-999	999	51	75	1	1	-999	999	-999	999	-999	999	-999	999	-999	999	-999	999	-999	999	-999	999	-999	999	-999	999	-999	999	2006	2006	0	0
93	HHLFP	0	0	-999	999	-999	999	-999	999	-999	999	-999	999	-999	999	0	0	-999	999	51	75	1	1	-999	999	-999	999	-999	999	-999	999	-999	999	-999	999	-999	999	-999	999	-999	999	-999	999	-999	999	2006	2006	0	0
94	HHLFP	0	0	-999	999	-999	999	-999	999	-999	999	-999	999	-999	999	-999	999	2	2	51	75	1	1	-999	999	-999	999	-999	999	-999	999	-999	999	-999	999	-999	999	-999	999	-999	999	-999	999	-999	999	2006	2006	0	0
95	HHLFP	0	0	-999	999	-999	999	-999	999	-999	999	-999	999	-999	999	-999	999	0	0	51	75	1	1	-999	999	-999	999	-999	999	-999	999	-999	999	-999	999	-999	999	-999	999	-999	999	-999	999	-999	999	2006	2006	0	0
96	FtoF	0	0	-999	999	1	999	1	1	-999	999	-999	999	-999	999	-999	999	-999	999	51	75	-999	999	1	1	-999	999	-999	999	-999	999	-999	999	-999	999	-999	999	-999	999	1	1	1	1	-999	999	2006	2006	0	0
97	FtoI	0	0	-999	999	1	999	0	0	-999	999	-999	999	-999	999	-999	999	-999	999	51	75	-999	999	1	1	-999	999	-999	999	-999	999	-999	999	-999	999	-999	999	-999	999	1	1	1	1	-999	999	2006	2006	0	0
98	FtoH	0	0	-999	999	0	0	-999	999	-999	999	-999	999	-999	999	-999	999	-999	999	51	75	-999	999	1	1	-999	999	-999	999	-999	999	-999	999	-999	999	-999	999	-999	999	1	1	1	1	-999	999	2006	2006	0	0
99	ItoF	0	0	-999	999	1	999	1	1	-999	999	-999	999	-999	999	-999	999	-999	999	51	75	-999	999	1	1	-999	999	-999	999	-999	999	-999	999	-999	999	-999	999	-999	999	1	1	0	0	-999	999	2006	2006	0	0
100	ItoI	0	0	-999	999	1	999	0	0	-999	999	-999	999	-999	999	-999	999	-999	999	51	75	-999	999	1	1	-999	999	-999	999	-999	999	-999	999	-999	999	-999	999	-999	999	1	1	0	0	-999	999	2006	2006	0	0
101	ItoH	0	0	-999	999	0	0	-999	999	-999	999	-999	999	-999	999	-999	999	-999	999	51	75	-999	999	1	1	-999	999	-999	999	-999	999	-999	999	-999	999	-999	999	-999	999	1	1	0	0	-999	999	2006	2006	0	0
102	HtoF	0	0	-999	999	1	999	1	1	-999	999	-999	999	-999	999	-999	999	-999	999	51	75	-999	999	1	1	-999	999	-999	999	-999	999	-999	999	-999	999	-999	999	-999	999	0	0	-999	999	-999	999	2006	2006	0	0
103	HtoI	0	0	-999	999	1	999	0	0	-999	999	-999	999	-999	999	-999	999	-999	999	51	75	-999	999	1	1	-999	999	-999	999	-999	999	-999	999	-999	999	-999	999	-999	999	0	0	-999	999	-999	999	2006	2006	0	0
104	HtoH	0	0	-999	999	0	0	-999	999	-999	999	-999	999	-999	999	-999	999	-999	999	51	75	-999	999	1	1	-999	999	-999	999	-999	999	-999	999	-999	999	-999	999	-999	999	0	0	-999	999	-999	999	2006	2006	0	0
105	FtoF	0	0	-999	999	1	999	1	1	-999	999	-999	999	-999	999	-999	999	-999	999	51	75	-999	999	0	0	-999	999	-999	999	-999	999	-999	999	-999	999	-999	999	-999	999	1	1	1	1	-999	999	2006	2006	0	0
106	FtoI	0	0	-999	999	1	999	0	0	-999	999	-999	999	-999	999	-999	999	-999	999	51	75	-999	999	0	0	-999	999	-999	999	-999	999	-999	999	-999	999	-999	999	-999	999	1	1	1	1	-999	999	2006	2006	0	0
107	FtoH	0	0	-999	999	0	0	-999	999	-999	999	-999	999	-999	999	-999	999	-999	999	51	75	-999	999	0	0	-999	999	-999	999	-999	999	-999	999	-999	999	-999	999	-999	999	1	1	1	1	-999	999	2006	2006	0	0
108	ItoF	0	0	-999	999	1	999	1	1	-999	999	-999	999	-999	999	-999	999	-999	999	51	75	-999	999	0	0	-999	999	-999	999	-999	999	-999	999	-999	999	-999	999	-999	999	1	1	0	0	-999	999	2006	2006	0	0
109	ItoI	0	0	-999	999	1	999	0	0	-999	999	-999	999	-999	999	-999	999	-999	999	51	75	-999	999	0	0	-999	999	-999	999	-999	999	-999	999	-999	999	-999	999	-999	999	1	1	0	0	-999	999	2006	2006	0	0
110	ItoH	0	0	-999	999	0	0	-999	999	-999	999	-999	999	-999	999	-999	999	-999	999	51	75	-999	999	0	0	-999	999	-999	999	-999	999	-999	999	-999	999	-999	999	-999	999	1	1	0	0	-999	999	2006	2006	0	0
111	HtoF	0	0	-999	999	1	999	1	1	-999	999	-999	999	-999	999	-999	999	-999	999	51	75	-999	999	0	0	-999	999	-999	999	-999	999	-999	999	-999	999	-999	999	-999	999	0	0	-999	999	-999	999	2006	2006	0	0
112	HtoI	0	0	-999	999	1	999	0	0	-999	999	-999	999	-999	999	-999	999	-999	999	51	75	-999	999	0	0	-999	999	-999	999	-999	999	-999	999	-999	999	-999	999	-999	999	0	0	-999	999	-999	999	2006	2006	0	0
113	HtoH	0	0	-999	999	0	0	-999	999	-999	999	-999	999	-999	999	-999	999	-999	999	51	75	-999	999	0	0	-999	999	-999	999	-999	999	-999	999	-999	999	-999	999	-999	999	0	0	-999	999	-999	999	2006	2006	0	0
114	Earning_Bins	0	0	-999	999	-999	999	-999	999	-999	1	-999	999	-999	999	-999	999	-999	999	51	75	-999	999	0	0	-999	999	-999	999	-999	999	-999	999	-999	999	1	999	1	1	-999	999	-999	999	-999	999	2004	2008	0	1
115	Earning_Bins	0	0	-999	999	-999	999	-999	999	1.00000001	2	-999	999	-999	999	-999	999	-999	999	51	75	-999	999	0	0	-999	999	-999	999	-999	999	-999	999	-999	999	1	999	1	1	-999	999	-999	999	-999	999	2004	2008	0	1
116	Earning_Bins	0	0	-999	999	-999	999	-999	999	2.00000001	3	-999	999	-999	999	-999	999	-999	999	51	75	-999	999	0	0	-999	999	-999	999	-999	999	-999	999	-999	999	1	999	1	1	-999	999	-999	999	-999	999	2004	2008	0	1
117	Earning_Bins	0	0	-999	999	-999	999	-999	999	3.00000001	4	-999	999	-999	999	-999	999	-999	999	51	75	-999	999	0	0	-999	999	-999	999	-999	999	-999	999	-999	999	1	999	1	1	-999	999	-999	999	-999	999	2004	2008	0	1
118	Earning_Bins	0	0	-999	999	-999	999	-999	999	4.00000001	5	-999	999	-999	999	-999	999	-999	999	51	75	-999	999	0	0	-999	999	-999	999	-999	999	-999	999	-999	999	1	999	1	1	-999	999	-999	999	-999	999	2004	2008	0	1
119	Earning_Bins	0	0	-999	999	-999	999	-999	999	5.00000001	999	-999	999	-999	999	-999	999	-999	999	51	75	-999	999	0	0	-999	999	-999	999	-999	999	-999	999	-999	999	1	999	1	1	-999	999	-999	999	-999	999	2004	2008	0	1
120	Earning_Bins	0	0	-999	999	-999	999	-999	999	-999	1	-999	999	-999	999	-999	999	-999	999	51	75	-999	999	0	0	-999	999	-999	999	-999	999	-999	999	-999	999	1	999	0	0	-999	999	-999	999	-999	999	2004	2008	0	1
121	Earning_Bins	0	0	-999	999	-999	999	-999	999	1.00000001	2	-999	999	-999	999	-999	999	-999	999	51	75	-999	999	0	0	-999	999	-999	999	-999	999	-999	999	-999	999	1	999	0	0	-999	999	-999	999	-999	999	2004	2008	0	1
122	Earning_Bins	0	0	-999	999	-999	999	-999	999	2.00000001	3	-999	999	-999	999	-999	999	-999	999	51	75	-999	999	0	0	-999	999	-999	999	-999	999	-999	999	-999	999	1	999	0	0	-999	999	-999	999	-999	999	2004	2008	0	1
123	Earning_Bins	0	0	-999	999	-999	999	-999	999	3.00000001	4	-999	999	-999	999	-999	999	-999	999	51	75	-999	999	0	0	-999	999	-999	999	-999	999	-999	999	-999	999	1	999	0	0	-999	999	-999	999	-999	999	2004	2008	0	1
124	Earning_Bins	0	0	-999	999	-999	999	-999	999	4.00000001	5	-999	999	-999	999	-999	999	-999	999	51	75	-999	999	0	0	-999	999	-999	999	-999	999	-999	999	-999	999	1	999	0	0	-999	999	-999	999	-999	999	2004	2008	0	1
125	Earning_Bins	0	0	-999	999	-999	999	-999	999	5.00000001	999	-999	999	-999	999	-999	999	-999	999	51	75	-999	999	0	0	-999	999	-999	999	-999	999	-999	999	-999	999	1	999	0	0	-999	999	-999	999	-999	999	2004	2008	0	1
126	Earning_Bins	0	0	-999	999	-999	999	-999	999	-999	1	-999	999	-999	999	-999	999	-999	999	51	75	-999	999	1	1	-999	999	-999	999	-999	999	-999	999	-999	999	1	999	1	1	-999	999	-999	999	-999	999	2004	2008	0	1
127	Earning_Bins	0	0	-999	999	-999	999	-999	999	1.00000001	2	-999	999	-999	999	-999	999	-999	999	51	75	-999	999	1	1	-999	999	-999	999	-999	999	-999	999	-999	999	1	999	1	1	-999	999	-999	999	-999	999	2004	2008	0	1
128	Earning_Bins	0	0	-999	999	-999	999	-999	999	2.00000001	3	-999	999	-999	999	-999	999	-999	999	51	75	-999	999	1	1	-999	999	-999	999	-999	999	-999	999	-999	999	1	999	1	1	-999	999	-999	999	-999	999	2004	2008	0	1
129	Earning_Bins	0	0	-999	999	-999	999	-999	999	3.00000001	4	-999	999	-999	999	-999	999	-999	999	51	75	-999	999	1	1	-999	999	-999	999	-999	999	-999	999	-999	999	1	999	1	1	-999	999	-999	999	-999	999	2004	2008	0	1
130	Earning_Bins	0	0	-999	999	-999	999	-999	999	4.00000001	5	-999	999	-999	999	-999	999	-999	999	51	75	-999	999	1	1	-999	999	-999	999	-999	999	-999	999	-999	999	1	999	1	1	-999	999	-999	999	-999	999	2004	2008	0	1
131	Earning_Bins	0	0	-999	999	-999	999	-999	999	5.00000001	999	-999	999	-999	999	-999	999	-999	999	51	75	-999	999	1	1	-999	999	-999	999	-999	999	-999	999	-999	999	1	999	1	1	-999	999	-999	999	-999	999	2004	2008	0	1
132	Earning_Bins	0	0	-999	999	-999	999	-999	999	-999	1	-999	999	-999	999	-999	999	-999	999	51	75	-999	999	1	1	-999	999	-999	999	-999	999	-999	999	-999	999	1	999	0	0	-999	999	-999	999	-999	999	2004	2008	0	1
133	Earning_Bins	0	0	-999	999	-999	999	-999	999	1.00000001	2	-999	999	-999	999	-999	999	-999	999	51	75	-999	999	1	1	-999	999	-999	999	-999	999	-999	999	-999	999	1	999	0	0	-999	999	-999	999	-999	999	2004	2008	0	1
134	Earning_Bins	0	0	-999	999	-999	999	-999	999	2.00000001	3	-999	999	-999	999	-999	999	-999	999	51	75	-999	999	1	1	-999	999	-999	999	-999	999	-999	999	-999	999	1	999	0	0	-999	999	-999	999	-999	999	2004	2008	0	1
135	Earning_Bins	0	0	-999	999	-999	999	-999	999	3.00000001	4	-999	999	-999	999	-999	999	-999	999	51	75	-999	999	1	1	-999	999	-999	999	-999	999	-999	999	-999	999	1	999	0	0	-999	999	-999	999	-999	999	2004	2008	0	1
136	Earning_Bins	0	0	-999	999	-999	999	-999	999	4.00000001	5	-999	999	-999	999	-999	999	-999	999	51	75	-999	999	1	1	-999	999	-999	999	-999	999	-999	999	-999	999	1	999	0	0	-999	999	-999	999	-999	999	2004	2008	0	1
137	Earning_Bins	0	0	-999	999	-999	999	-999	999	5.00000001	999	-999	999	-999	999	-999	999	-999	999	51	75	-999	999	1	1	-999	999	-999	999	-999	999	-999	999	-999	999	1	999	0	0	-999	999	-999	999	-999	999	2004	2008	0	1
138	Earning_Bins	0	0	-999	999	-999	999	-999	999	-999	1	-999	999	-999	999	-999	999	-999	999	51	75	-999	999	0	0	-999	999	8	11	-999	999	-999	999	-999	999	1	999	1	1	-999	999	-999	999	-999	999	2004	2008	0	1
139	Earning_Bins	0	0	-999	999	-999	999	-999	999	1.00000001	2	-999	999	-999	999	-999	999	-999	999	51	75	-999	999	0	0	-999	999	8	11	-999	999	-999	999	-999	999	1	999	1	1	-999	999	-999	999	-999	999	2004	2008	0	1
140	Earning_Bins	0	0	-999	999	-999	999	-999	999	2.00000001	3	-999	999	-999	999	-999	999	-999	999	51	75	-999	999	0	0	-999	999	8	11	-999	999	-999	999	-999	999	1	999	1	1	-999	999	-999	999	-999	999	2004	2008	0	1
141	Earning_Bins	0	0	-999	999	-999	999	-999	999	3.00000001	4	-999	999	-999	999	-999	999	-999	999	51	75	-999	999	0	0	-999	999	8	11	-999	999	-999	999	-999	999	1	999	1	1	-999	999	-999	999	-999	999	2004	2008	0	1
142	Earning_Bins	0	0	-999	999	-999	999	-999	999	4.00000001	5	-999	999	-999	999	-999	999	-999	999	51	75	-999	999	0	0	-999	999	8	11	-999	999	-999	999	-999	999	1	999	1	1	-999	999	-999	999	-999	999	2004	2008	0	1
143	Earning_Bins	0	0	-999	999	-999	999	-999	999	5.00000001	999	-999	999	-999	999	-999	999	-999	999	51	75	-999	999	0	0	-999	999	8	11	-999	999	-999	999	-999	999	1	999	1	1	-999	999	-999	999	-999	999	2004	2008	0	1
144	Earning_Bins	0	0	-999	999	-999	999	-999	999	-999	1	-999	999	-999	999	-999	999	-999	999	51	75	-999	999	0	0	-999	999	8	11	-999	999	-999	999	-999	999	1	999	0	0	-999	999	-999	999	-999	999	2004	2008	0	1
145	Earning_Bins	0	0	-999	999	-999	999	-999	999	1.00000001	2	-999	999	-999	999	-999	999	-999	999	51	75	-999	999	0	0	-999	999	8	11	-999	999	-999	999	-999	999	1	999	0	0	-999	999	-999	999	-999	999	2004	2008	0	1
146	Earning_Bins	0	0	-999	999	-999	999	-999	999	2.00000001	3	-999	999	-999	999	-999	999	-999	999	51	75	-999	999	0	0	-999	999	8	11	-999	999	-999	999	-999	999	1	999	0	0	-999	999	-999	999	-999	999	2004	2008	0	1
147	Earning_Bins	0	0	-999	999	-999	999	-999	999	3.00000001	4	-999	999	-999	999	-999	999	-999	999	51	75	-999	999	0	0	-999	999	8	11	-999	999	-999	999	-999	999	1	999	0	0	-999	999	-999	999	-999	999	2004	2008	0	1
148	Earning_Bins	0	0	-999	999	-999	999	-999	999	4.00000001	5	-999	999	-999	999	-999	999	-999	999	51	75	-999	999	0	0	-999	999	8	11	-999	999	-999	999	-999	999	1	999	0	0	-999	999	-999	999	-999	999	2004	2008	0	1
149	Earning_Bins	0	0	-999	999	-999	999	-999	999	5.00000001	999	-999	999	-999	999	-999	999	-999	999	51	75	-999	999	0	0	-999	999	8	11	-999	999	-999	999	-999	999	1	999	0	0	-999	999	-999	999	-999	999	2004	2008	0	1
150	Earning_Bins	0	0	-999	999	-999	999	-999	999	-999	1	-999	999	-999	999	-999	999	-999	999	51	75	-999	999	1	1	-999	999	12	15	-999	999	-999	999	-999	999	1	999	1	1	-999	999	-999	999	-999	999	2004	2008	0	1
151	Earning_Bins	0	0	-999	999	-999	999	-999	999	1.00000001	2	-999	999	-999	999	-999	999	-999	999	51	75	-999	999	1	1	-999	999	12	15	-999	999	-999	999	-999	999	1	999	1	1	-999	999	-999	999	-999	999	2004	2008	0	1
152	Earning_Bins	0	0	-999	999	-999	999	-999	999	2.00000001	3	-999	999	-999	999	-999	999	-999	999	51	75	-999	999	1	1	-999	999	12	15	-999	999	-999	999	-999	999	1	999	1	1	-999	999	-999	999	-999	999	2004	2008	0	1
153	Earning_Bins	0	0	-999	999	-999	999	-999	999	3.00000001	4	-999	999	-999	999	-999	999	-999	999	51	75	-999	999	1	1	-999	999	12	15	-999	999	-999	999	-999	999	1	999	1	1	-999	999	-999	999	-999	999	2004	2008	0	1
154	Earning_Bins	0	0	-999	999	-999	999	-999	999	4.00000001	5	-999	999	-999	999	-999	999	-999	999	51	75	-999	999	1	1	-999	999	12	15	-999	999	-999	999	-999	999	1	999	1	1	-999	999	-999	999	-999	999	2004	2008	0	1
155	Earning_Bins	0	0	-999	999	-999	999	-999	999	5.00000001	999	-999	999	-999	999	-999	999	-999	999	51	75	-999	999	1	1	-999	999	12	15	-999	999	-999	999	-999	999	1	999	1	1	-999	999	-999	999	-999	999	2004	2008	0	1
156	Earning_Bins	0	0	-999	999	-999	999	-999	999	-999	1	-999	999	-999	999	-999	999	-999	999	51	75	-999	999	1	1	-999	999	12	15	-999	999	-999	999	-999	999	1	999	0	0	-999	999	-999	999	-999	999	2004	2008	0	1
157	Earning_Bins	0	0	-999	999	-999	999	-999	999	1.00000001	2	-999	999	-999	999	-999	999	-999	999	51	75	-999	999	1	1	-999	999	12	15	-999	999	-999	999	-999	999	1	999	0	0	-999	999	-999	999	-999	999	2004	2008	0	1
158	Earning_Bins	0	0	-999	999	-999	999	-999	999	2.00000001	3	-999	999	-999	999	-999	999	-999	999	51	75	-999	999	1	1	-999	999	12	15	-999	999	-999	999	-999	999	1	999	0	0	-999	999	-999	999	-999	999	2004	2008	0	1
159	Earning_Bins	0	0	-999	999	-999	999	-999	999	3.00000001	4	-999	999	-999	999	-999	999	-999	999	51	75	-999	999	1	1	-999	999	12	15	-999	999	-999	999	-999	999	1	999	0	0	-999	999	-999	999	-999	999	2004	2008	0	1
160	Earning_Bins	0	0	-999	999	-999	999	-999	999	4.00000001	5	-999	999	-999	999	-999	999	-999	999	51	75	-999	999	1	1	-999	999	12	15	-999	999	-999	999	-999	999	1	999	0	0	-999	999	-999	999	-999	999	2004	2008	0	1
161	Earning_Bins	0	0	-999	999	-999	999	-999	999	5.00000001	999	-999	999	-999	999	-999	999	-999	999	51	75	-999	999	1	1	-999	999	12	15	-999	999	-999	999	-999	999	1	999	0	0	-999	999	-999	999	-999	999	2004	2008	0	1
162	ItoF<-0.5	0	0	-999	999	-999	999	-999	999	-999	999	-999	999	-999	-0.5	-999	999	-999	999	51	75	-999	999	-999	999	-999	999	-999	999	-999	999	-999	999	-999	999	1	999	1	1	1	1	0	0	-999	999	2006	2006	0	0
163	ItoF<0	0	0	-999	999	-999	999	-999	999	-999	999	-999	999	-0.499999	0	-999	999	-999	999	51	75	-999	999	-999	999	-999	999	-999	999	-999	999	-999	999	-999	999	1	999	1	1	1	1	0	0	-999	999	2006	2006	0	0
164	ItoF<0.25	0	0	-999	999	-999	999	-999	999	-999	999	-999	999	0.000001	0.25	-999	999	-999	999	51	75	-999	999	-999	999	-999	999	-999	999	-999	999	-999	999	-999	999	1	999	1	1	1	1	0	0	-999	999	2006	2006	0	0
165	ItoF<0.5	0	0	-999	999	-999	999	-999	999	-999	999	-999	999	0.250001	0.5	-999	999	-999	999	51	75	-999	999	-999	999	-999	999	-999	999	-999	999	-999	999	-999	999	1	999	1	1	1	1	0	0	-999	999	2006	2006	0	0
166	ItoF<0.75	0	0	-999	999	-999	999	-999	999	-999	999	-999	999	0.500001	0.75	-999	999	-999	999	51	75	-999	999	-999	999	-999	999	-999	999	-999	999	-999	999	-999	999	1	999	1	1	1	1	0	0	-999	999	2006	2006	0	0
167	ItoF<1	0	0	-999	999	-999	999	-999	999	-999	999	-999	999	0.750001	1	-999	999	-999	999	51	75	-999	999	-999	999	-999	999	-999	999	-999	999	-999	999	-999	999	1	999	1	1	1	1	0	0	-999	999	2006	2006	0	0
168	ItoF>1	0	0	-999	999	-999	999	-999	999	-999	999	-999	999	1.00001	999	-999	999	-999	999	51	75	-999	999	-999	999	-999	999	-999	999	-999	999	-999	999	-999	999	1	999	1	1	1	1	0	0	-999	999	2006	2006	0	0
169	FtoI<-0.5	0	0	-999	999	-999	999	-999	999	-999	999	-999	999	-999	-0.5	-999	999	-999	999	51	75	-999	999	-999	999	-999	999	-999	999	-999	999	-999	999	-999	999	1	999	0	0	1	1	1	1	-999	999	2006	2006	0	0
170	FtoI<0	0	0	-999	999	-999	999	-999	999	-999	999	-999	999	-0.499999	0	-999	999	-999	999	51	75	-999	999	-999	999	-999	999	-999	999	-999	999	-999	999	-999	999	1	999	0	0	1	1	1	1	-999	999	2006	2006	0	0
171	FtoI<0.25	0	0	-999	999	-999	999	-999	999	-999	999	-999	999	0.000001	0.25	-999	999	-999	999	51	75	-999	999	-999	999	-999	999	-999	999	-999	999	-999	999	-999	999	1	999	0	0	1	1	1	1	-999	999	2006	2006	0	0
172	FtoI<0.5	0	0	-999	999	-999	999	-999	999	-999	999	-999	999	0.250001	0.5	-999	999	-999	999	51	75	-999	999	-999	999	-999	999	-999	999	-999	999	-999	999	-999	999	1	999	0	0	1	1	1	1	-999	999	2006	2006	0	0
173	FtoI<0.75	0	0	-999	999	-999	999	-999	999	-999	999	-999	999	0.500001	0.75	-999	999	-999	999	51	75	-999	999	-999	999	-999	999	-999	999	-999	999	-999	999	-999	999	1	999	0	0	1	1	1	1	-999	999	2006	2006	0	0
174	FtoI<1	0	0	-999	999	-999	999	-999	999	-999	999	-999	999	0.750001	1	-999	999	-999	999	51	75	-999	999	-999	999	-999	999	-999	999	-999	999	-999	999	-999	999	1	999	0	0	1	1	1	1	-999	999	2006	2006	0	0
175	FtoI>1	0	0	-999	999	-999	999	-999	999	-999	999	-999	999	1.00001	999	-999	999	-999	999	51	75	-999	999	-999	999	-999	999	-999	999	-999	999	-999	999	-999	999	1	999	0	0	1	1	1	1	-999	999	2006	2006	0	0
176	FtoF<-0.5	0	0	-999	999	-999	999	-999	999	-999	999	-999	999	-999	-0.5	-999	999	-999	999	51	75	-999	999	-999	999	-999	999	-999	999	-999	999	-999	999	-999	999	1	999	1	1	1	1	1	1	-999	999	2006	2006	0	0
177	FtoF<0	0	0	-999	999	-999	999	-999	999	-999	999	-999	999	-0.499999	0	-999	999	-999	999	51	75	-999	999	-999	999	-999	999	-999	999	-999	999	-999	999	-999	999	1	999	1	1	1	1	1	1	-999	999	2006	2006	0	0
178	FtoF<0.25	0	0	-999	999	-999	999	-999	999	-999	999	-999	999	0.000001	0.25	-999	999	-999	999	51	75	-999	999	-999	999	-999	999	-999	999	-999	999	-999	999	-999	999	1	999	1	1	1	1	1	1	-999	999	2006	2006	0	0
179	FtoF<0.5	0	0	-999	999	-999	999	-999	999	-999	999	-999	999	0.250001	0.5	-999	999	-999	999	51	75	-999	999	-999	999	-999	999	-999	999	-999	999	-999	999	-999	999	1	999	1	1	1	1	1	1	-999	999	2006	2006	0	0
180	FtoF<0.75	0	0	-999	999	-999	999	-999	999	-999	999	-999	999	0.500001	0.75	-999	999	-999	999	51	75	-999	999	-999	999	-999	999	-999	999	-999	999	-999	999	-999	999	1	999	1	1	1	1	1	1	-999	999	2006	2006	0	0
181	FtoF<1	0	0	-999	999	-999	999	-999	999	-999	999	-999	999	0.750001	1	-999	999	-999	999	51	75	-999	999	-999	999	-999	999	-999	999	-999	999	-999	999	-999	999	1	999	1	1	1	1	1	1	-999	999	2006	2006	0	0
182	FtoF>1	0	0	-999	999	-999	999	-999	999	-999	999	-999	999	1.00001	999	-999	999	-999	999	51	75	-999	999	-999	999	-999	999	-999	999	-999	999	-999	999	-999	999	1	999	1	1	1	1	1	1	-999	999	2006	2006	0	0
183	ItoI<-0.5	0	0	-999	999	-999	999	-999	999	-999	999	-999	999	-999	-0.5	-999	999	-999	999	51	75	-999	999	-999	999	-999	999	-999	999	-999	999	-999	999	-999	999	1	999	0	0	1	1	0	0	-999	999	2006	2006	0	0
184	ItoI<0	0	0	-999	999	-999	999	-999	999	-999	999	-999	999	-0.499999	0	-999	999	-999	999	51	75	-999	999	-999	999	-999	999	-999	999	-999	999	-999	999	-999	999	1	999	0	0	1	1	0	0	-999	999	2006	2006	0	0
185	ItoI<0.25	0	0	-999	999	-999	999	-999	999	-999	999	-999	999	0.000001	0.25	-999	999	-999	999	51	75	-999	999	-999	999	-999	999	-999	999	-999	999	-999	999	-999	999	1	999	0	0	1	1	0	0	-999	999	2006	2006	0	0
186	ItoI<0.5	0	0	-999	999	-999	999	-999	999	-999	999	-999	999	0.250001	0.5	-999	999	-999	999	51	75	-999	999	-999	999	-999	999	-999	999	-999	999	-999	999	-999	999	1	999	0	0	1	1	0	0	-999	999	2006	2006	0	0
187	ItoI<0.75	0	0	-999	999	-999	999	-999	999	-999	999	-999	999	0.500001	0.75	-999	999	-999	999	51	75	-999	999	-999	999	-999	999	-999	999	-999	999	-999	999	-999	999	1	999	0	0	1	1	0	0	-999	999	2006	2006	0	0
188	ItoI<1	0	0	-999	999	-999	999	-999	999	-999	999	-999	999	0.750001	1	-999	999	-999	999	51	75	-999	999	-999	999	-999	999	-999	999	-999	999	-999	999	-999	999	1	999	0	0	1	1	0	0	-999	999	2006	2006	0	0
189	ItoI>1	0	0	-999	999	-999	999	-999	999	-999	999	-999	999	1.00001	999	-999	999	-999	999	51	75	-999	999	-999	999	-999	999	-999	999	-999	999	-999	999	-999	999	1	999	0	0	1	1	0	0	-999	999	2006	2006	0	0
190	Earnings	0	1	0	0	0	0	0	0	1	1	0	0	0	0	0	0	0	0	51	75	-999	999	0	0	-999	999	0	7	0	25	-999	999	-999	999	1	999	1	1	-999	999	-999	999	-999	999	2004	2008	0	1
191	Earnings	0	1	0	0	0	0	0	0	1	1	0	0	0	0	0	0	0	0	51	75	-999	999	0	0	-999	999	0	7	25.5	999	-999	999	-999	999	1	999	1	1	-999	999	-999	999	-999	999	2004	2008	0	1
192	Earnings	0	1	0	0	0	0	0	0	1	1	0	0	0	0	0	0	0	0	51	75	-999	999	0	0	-999	999	8	11	0	25	-999	999	-999	999	1	999	1	1	-999	999	-999	999	-999	999	2004	2008	0	1
193	Earnings	0	1	0	0	0	0	0	0	1	1	0	0	0	0	0	0	0	0	51	75	-999	999	0	0	-999	999	8	11	25.5	999	-999	999	-999	999	1	999	1	1	-999	999	-999	999	-999	999	2004	2008	0	1
194	Earnings	0	1	0	0	0	0	0	0	1	1	0	0	0	0	0	0	0	0	51	75	-999	999	0	0	-999	999	12	15	0	25	-999	999	-999	999	1	999	1	1	-999	999	-999	999	-999	999	2004	2008	0	1
195	Earnings	0	1	0	0	0	0	0	0	1	1	0	0	0	0	0	0	0	0	51	75	-999	999	0	0	-999	999	12	15	25.5	999	-999	999	-999	999	1	999	1	1	-999	999	-999	999	-999	999	2004	2008	0	1
196	Earnings	0	1	0	0	0	0	0	0	1	1	0	0	0	0	0	0	0	0	51	75	-999	999	0	0	-999	999	16	999	0	999	-999	999	-999	999	1	999	1	1	-999	999	-999	999	-999	999	2004	2008	0	1
197	Earnings	0	1	0	0	0	0	0	0	1	1	0	0	0	0	0	0	0	0	51	75	-999	999	0	0	-999	999	16	999	0	999	-999	999	-999	999	1	999	1	1	-999	999	-999	999	-999	999	2004	2008	0	1
198	Earnings	0	1	0	0	0	0	0	0	1	1	0	0	0	0	0	0	0	0	51	75	-999	999	0	0	-999	999	0	7	0	25	-999	999	-999	999	1	999	0	0	-999	999	-999	999	-999	999	2004	2008	0	1
199	Earnings	0	1	0	0	0	0	0	0	1	1	0	0	0	0	0	0	0	0	51	75	-999	999	0	0	-999	999	0	7	25.5	999	-999	999	-999	999	1	999	0	0	-999	999	-999	999	-999	999	2004	2008	0	1
200	Earnings	0	1	0	0	0	0	0	0	1	1	0	0	0	0	0	0	0	0	51	75	-999	999	0	0	-999	999	8	11	0	25	-999	999	-999	999	1	999	0	0	-999	999	-999	999	-999	999	2004	2008	0	1
201	Earnings	0	1	0	0	0	0	0	0	1	1	0	0	0	0	0	0	0	0	51	75	-999	999	0	0	-999	999	8	11	25.5	999	-999	999	-999	999	1	999	0	0	-999	999	-999	999	-999	999	2004	2008	0	1
202	Earnings	0	1	0	0	0	0	0	0	1	1	0	0	0	0	0	0	0	0	51	75	-999	999	0	0	-999	999	12	15	0	25	-999	999	-999	999	1	999	0	0	-999	999	-999	999	-999	999	2004	2008	0	1
203	Earnings	0	1	0	0	0	0	0	0	1	1	0	0	0	0	0	0	0	0	51	75	-999	999	0	0	-999	999	12	15	25.5	999	-999	999	-999	999	1	999	0	0	-999	999	-999	999	-999	999	2004	2008	0	1
204	Earnings	0	1	0	0	0	0	0	0	1	1	0	0	0	0	0	0	0	0	51	75	-999	999	0	0	-999	999	16	999	0	999	-999	999	-999	999	1	999	0	0	-999	999	-999	999	-999	999	2004	2008	0	1
205	Earnings	0	1	0	0	0	0	0	0	1	1	0	0	0	0	0	0	0	0	51	75	-999	999	0	0	-999	999	16	999	0	999	-999	999	-999	999	1	999	0	0	-999	999	-999	999	-999	999	2004	2008	0	1
206	Earnings	0	1	0	0	0	0	0	0	1	1	0	0	0	0	0	0	0	0	51	75	-999	999	1	1	-999	999	0	7	0	15	-999	999	-999	999	1	999	1	1	-999	999	-999	999	-999	999	2004	2008	0	1
207	Earnings	0	1	0	0	0	0	0	0	1	1	0	0	0	0	0	0	0	0	51	75	-999	999	1	1	-999	999	0	7	15.5	999	-999	999	-999	999	1	999	1	1	-999	999	-999	999	-999	999	2004	2008	0	1
208	Earnings	0	1	0	0	0	0	0	0	1	1	0	0	0	0	0	0	0	0	51	75	-999	999	1	1	-999	999	8	11	0	15	-999	999	-999	999	1	999	1	1	-999	999	-999	999	-999	999	2004	2008	0	1
209	Earnings	0	1	0	0	0	0	0	0	1	1	0	0	0	0	0	0	0	0	51	75	-999	999	1	1	-999	999	8	11	15.5	999	-999	999	-999	999	1	999	1	1	-999	999	-999	999	-999	999	2004	2008	0	1
210	Earnings	0	1	0	0	0	0	0	0	1	1	0	0	0	0	0	0	0	0	51	75	-999	999	1	1	-999	999	12	15	0	15	-999	999	-999	999	1	999	1	1	-999	999	-999	999	-999	999	2004	2008	0	1
211	Earnings	0	1	0	0	0	0	0	0	1	1	0	0	0	0	0	0	0	0	51	75	-999	999	1	1	-999	999	12	15	15.5	999	-999	999	-999	999	1	999	1	1	-999	999	-999	999	-999	999	2004	2008	0	1
212	Earnings	0	1	0	0	0	0	0	0	1	1	0	0	0	0	0	0	0	0	51	75	-999	999	1	1	-999	999	16	999	0	999	-999	999	-999	999	1	999	1	1	-999	999	-999	999	-999	999	2004	2008	0	1
213	Earnings	0	1	0	0	0	0	0	0	1	1	0	0	0	0	0	0	0	0	51	75	-999	999	1	1	-999	999	16	999	0	999	-999	999	-999	999	1	999	1	1	-999	999	-999	999	-999	999	2004	2008	0	1
214	Earnings	0	1	0	0	0	0	0	0	1	1	0	0	0	0	0	0	0	0	51	75	-999	999	1	1	-999	999	0	7	0	15	-999	999	-999	999	1	999	0	0	-999	999	-999	999	-999	999	2004	2008	0	1
215	Earnings	0	1	0	0	0	0	0	0	1	1	0	0	0	0	0	0	0	0	51	75	-999	999	1	1	-999	999	0	7	15.5	999	-999	999	-999	999	1	999	0	0	-999	999	-999	999	-999	999	2004	2008	0	1
216	Earnings	0	1	0	0	0	0	0	0	1	1	0	0	0	0	0	0	0	0	51	75	-999	999	1	1	-999	999	8	11	0	15	-999	999	-999	999	1	999	0	0	-999	999	-999	999	-999	999	2004	2008	0	1
217	Earnings	0	1	0	0	0	0	0	0	1	1	0	0	0	0	0	0	0	0	51	75	-999	999	1	1	-999	999	8	11	15.5	999	-999	999	-999	999	1	999	0	0	-999	999	-999	999	-999	999	2004	2008	0	1
218	Earnings	0	1	0	0	0	0	0	0	1	1	0	0	0	0	0	0	0	0	51	75	-999	999	1	1	-999	999	12	15	0	15	-999	999	-999	999	1	999	0	0	-999	999	-999	999	-999	999	2004	2008	0	1
219	Earnings	0	1	0	0	0	0	0	0	1	1	0	0	0	0	0	0	0	0	51	75	-999	999	1	1	-999	999	12	15	15.5	999	-999	999	-999	999	1	999	0	0	-999	999	-999	999	-999	999	2004	2008	0	1
220	Earnings	0	1	0	0	0	0	0	0	1	1	0	0	0	0	0	0	0	0	51	75	-999	999	1	1	-999	999	16	999	0	999	-999	999	-999	999	1	999	0	0	-999	999	-999	999	-999	999	2004	2008	0	1
221	Earnings	0	1	0	0	0	0	0	0	1	1	0	0	0	0	0	0	0	0	51	75	-999	999	1	1	-999	999	16	999	0	999	-999	999	-999	999	1	999	0	0	-999	999	-999	999	-999	999	2004	2008	0	1
222	Earnings	0	1	0	0	0	0	0	0	1	1	0	0	0	0	0	0	0	0	51	75	-999	999	0	0	-999	999	0	11	0	20	-999	999	-999	999	1	999	1	1	-999	999	-999	999	-999	999	2004	2008	0	1
223	Earnings	0	1	0	0	0	0	0	0	1	1	0	0	0	0	0	0	0	0	51	75	-999	999	0	0	-999	999	0	11	20.5	30	-999	999	-999	999	1	999	1	1	-999	999	-999	999	-999	999	2004	2008	0	1
224	Earnings	0	1	0	0	0	0	0	0	1	1	0	0	0	0	0	0	0	0	51	75	-999	999	0	0	-999	999	0	11	30.5	40	-999	999	-999	999	1	999	1	1	-999	999	-999	999	-999	999	2004	2008	0	1
225	Earnings	0	1	0	0	0	0	0	0	1	1	0	0	0	0	0	0	0	0	51	75	-999	999	0	0	-999	999	0	11	40.5	999	-999	999	-999	999	1	999	1	1	-999	999	-999	999	-999	999	2004	2008	0	1
226	Earnings	0	1	0	0	0	0	0	0	1	1	0	0	0	0	0	0	0	0	51	75	-999	999	0	0	-999	999	12	999	0	20	-999	999	-999	999	1	999	1	1	-999	999	-999	999	-999	999	2004	2008	0	1
227	Earnings	0	1	0	0	0	0	0	0	1	1	0	0	0	0	0	0	0	0	51	75	-999	999	0	0	-999	999	12	999	20.5	30	-999	999	-999	999	1	999	1	1	-999	999	-999	999	-999	999	2004	2008	0	1
228	Earnings	0	1	0	0	0	0	0	0	1	1	0	0	0	0	0	0	0	0	51	75	-999	999	0	0	-999	999	12	999	30.5	40	-999	999	-999	999	1	999	1	1	-999	999	-999	999	-999	999	2004	2008	0	1
229	Earnings	0	1	0	0	0	0	0	0	1	1	0	0	0	0	0	0	0	0	51	75	-999	999	0	0	-999	999	12	999	40.5	999	-999	999	-999	999	1	999	1	1	-999	999	-999	999	-999	999	2004	2008	0	1
230	Earnings	0	1	0	0	0	0	0	0	1	1	0	0	0	0	0	0	0	0	51	75	-999	999	0	0	-999	999	0	11	0	20	-999	999	-999	999	1	999	0	0	-999	999	-999	999	-999	999	2004	2008	0	1
231	Earnings	0	1	0	0	0	0	0	0	1	1	0	0	0	0	0	0	0	0	51	75	-999	999	0	0	-999	999	0	11	20.5	30	-999	999	-999	999	1	999	0	0	-999	999	-999	999	-999	999	2004	2008	0	1
232	Earnings	0	1	0	0	0	0	0	0	1	1	0	0	0	0	0	0	0	0	51	75	-999	999	0	0	-999	999	0	11	30.5	40	-999	999	-999	999	1	999	0	0	-999	999	-999	999	-999	999	2004	2008	0	1
233	Earnings	0	1	0	0	0	0	0	0	1	1	0	0	0	0	0	0	0	0	51	75	-999	999	0	0	-999	999	0	11	40.5	999	-999	999	-999	999	1	999	0	0	-999	999	-999	999	-999	999	2004	2008	0	1
234	Earnings	0	1	0	0	0	0	0	0	1	1	0	0	0	0	0	0	0	0	51	75	-999	999	0	0	-999	999	12	999	0	20	-999	999	-999	999	1	999	0	0	-999	999	-999	999	-999	999	2004	2008	0	1
235	Earnings	0	1	0	0	0	0	0	0	1	1	0	0	0	0	0	0	0	0	51	75	-999	999	0	0	-999	999	12	999	20.5	30	-999	999	-999	999	1	999	0	0	-999	999	-999	999	-999	999	2004	2008	0	1
236	Earnings	0	1	0	0	0	0	0	0	1	1	0	0	0	0	0	0	0	0	51	75	-999	999	0	0	-999	999	12	999	30.5	40	-999	999	-999	999	1	999	0	0	-999	999	-999	999	-999	999	2004	2008	0	1
237	Earnings	0	1	0	0	0	0	0	0	1	1	0	0	0	0	0	0	0	0	51	75	-999	999	0	0	-999	999	12	999	40.5	999	-999	999	-999	999	1	999	0	0	-999	999	-999	999	-999	999	2004	2008	0	1
238	Earnings	0	1	0	0	0	0	0	0	1	1	0	0	0	0	0	0	0	0	51	75	-999	999	1	1	-999	999	0	11	0	10	-999	999	-999	999	1	999	1	1	-999	999	-999	999	-999	999	2004	2008	0	1
239	Earnings	0	1	0	0	0	0	0	0	1	1	0	0	0	0	0	0	0	0	51	75	-999	999	1	1	-999	999	0	11	10.5	20	-999	999	-999	999	1	999	1	1	-999	999	-999	999	-999	999	2004	2008	0	1
240	Earnings	0	1	0	0	0	0	0	0	1	1	0	0	0	0	0	0	0	0	51	75	-999	999	1	1	-999	999	0	11	20.5	30	-999	999	-999	999	1	999	1	1	-999	999	-999	999	-999	999	2004	2008	0	1
241	Earnings	0	1	0	0	0	0	0	0	1	1	0	0	0	0	0	0	0	0	51	75	-999	999	1	1	-999	999	0	11	30.5	999	-999	999	-999	999	1	999	1	1	-999	999	-999	999	-999	999	2004	2008	0	1
242	Earnings	0	1	0	0	0	0	0	0	1	1	0	0	0	0	0	0	0	0	51	75	-999	999	1	1	-999	999	12	999	0	10	-999	999	-999	999	1	999	1	1	-999	999	-999	999	-999	999	2004	2008	0	1
243	Earnings	0	1	0	0	0	0	0	0	1	1	0	0	0	0	0	0	0	0	51	75	-999	999	1	1	-999	999	12	999	10.5	20	-999	999	-999	999	1	999	1	1	-999	999	-999	999	-999	999	2004	2008	0	1
244	Earnings	0	1	0	0	0	0	0	0	1	1	0	0	0	0	0	0	0	0	51	75	-999	999	1	1	-999	999	12	999	20.5	30	-999	999	-999	999	1	999	1	1	-999	999	-999	999	-999	999	2004	2008	0	1
245	Earnings	0	1	0	0	0	0	0	0	1	1	0	0	0	0	0	0	0	0	51	75	-999	999	1	1	-999	999	12	999	30.5	999	-999	999	-999	999	1	999	1	1	-999	999	-999	999	-999	999	2004	2008	0	1
246	Earnings	0	1	0	0	0	0	0	0	1	1	0	0	0	0	0	0	0	0	51	75	-999	999	1	1	-999	999	0	11	0	10	-999	999	-999	999	1	999	0	0	-999	999	-999	999	-999	999	2004	2008	0	1
247	Earnings	0	1	0	0	0	0	0	0	1	1	0	0	0	0	0	0	0	0	51	75	-999	999	1	1	-999	999	0	11	10.5	20	-999	999	-999	999	1	999	0	0	-999	999	-999	999	-999	999	2004	2008	0	1
248	Earnings	0	1	0	0	0	0	0	0	1	1	0	0	0	0	0	0	0	0	51	75	-999	999	1	1	-999	999	0	11	20.5	30	-999	999	-999	999	1	999	0	0	-999	999	-999	999	-999	999	2004	2008	0	1
249	Earnings	0	1	0	0	0	0	0	0	1	1	0	0	0	0	0	0	0	0	51	75	-999	999	1	1	-999	999	0	11	30.5	999	-999	999	-999	999	1	999	0	0	-999	999	-999	999	-999	999	2004	2008	0	1
250	Earnings	0	1	0	0	0	0	0	0	1	1	0	0	0	0	0	0	0	0	51	75	-999	999	1	1	-999	999	12	999	0	10	-999	999	-999	999	1	999	0	0	-999	999	-999	999	-999	999	2004	2008	0	1
251	Earnings	0	1	0	0	0	0	0	0	1	1	0	0	0	0	0	0	0	0	51	75	-999	999	1	1	-999	999	12	999	10.5	20	-999	999	-999	999	1	999	0	0	-999	999	-999	999	-999	999	2004	2008	0	1
252	Earnings	0	1	0	0	0	0	0	0	1	1	0	0	0	0	0	0	0	0	51	75	-999	999	1	1	-999	999	12	999	20.5	30	-999	999	-999	999	1	999	0	0	-999	999	-999	999	-999	999	2004	2008	0	1
253	Earnings	0	1	0	0	0	0	0	0	1	1	0	0	0	0	0	0	0	0	51	75	-999	999	1	1	-999	999	12	999	30.5	999	-999	999	-999	999	1	999	0	0	-999	999	-999	999	-999	999	2004	2008	0	1
254	Earnings	0	1	0	0	0	0	0	0	1	1	0	0	0	0	0	0	0	0	51	75	-999	999	-999	999	-999	999	-999	999	-999	999	-999	999	-999	50	1	999	1	1	-999	999	-999	999	-999	999	2004	2008	0	1
255	Earnings	0	1	0	0	0	0	0	0	1	1	0	0	0	0	0	0	0	0	51	75	-999	999	-999	999	-999	999	-999	999	-999	999	-999	999	51	52	1	999	1	1	-999	999	-999	999	-999	999	2004	2008	0	1
256	Earnings	0	1	0	0	0	0	0	0	1	1	0	0	0	0	0	0	0	0	51	75	-999	999	-999	999	-999	999	-999	999	-999	999	-999	999	53	999	1	999	1	1	-999	999	-999	999	-999	999	2004	2008	0	1
257	Earnings	0	1	0	0	0	0	0	0	1	1	0	0	0	0	0	0	0	0	51	75	-999	999	-999	999	-999	999	-999	999	-999	999	-999	999	-999	50	1	999	0	0	-999	999	-999	999	-999	999	2004	2008	0	1
258	Earnings	0	1	0	0	0	0	0	0	1	1	0	0	0	0	0	0	0	0	51	75	-999	999	-999	999	-999	999	-999	999	-999	999	-999	999	51	52	1	999	0	0	-999	999	-999	999	-999	999	2004	2008	0	1
259	Earnings	0	1	0	0	0	0	0	0	1	1	0	0	0	0	0	0	0	0	51	75	-999	999	-999	999	-999	999	-999	999	-999	999	-999	999	53	999	1	999	0	0	-999	999	-999	999	-999	999	2004	2008	0	1
