  0.11396743787489289     
  0.11090047393364928     
   9.7502972651605235E-002
  0.18075801749271136     
  0.24223602484472051     
  0.21967213114754097     
  0.18385650224215247     
  0.12426035502958580     
  0.19696969696969696     
  0.30591259640102830     
  0.29952606635071088     
  0.29131985731272297     
  0.48979591836734693     
  0.37267080745341613     
  0.37704918032786883     
  0.48430493273542602     
  0.55621301775147924     
  0.56818181818181823     
  0.13196229648671809     
  0.10236966824644550     
   9.1557669441141493E-002
  0.11078717201166181     
   8.0745341614906832E-002
  0.12459016393442623     
  0.14798206278026907     
  0.12426035502958580     
   8.3333333333333329E-002
  0.44815766923736078     
  0.48720379146919429     
  0.51961950059453033     
  0.21865889212827988     
  0.30434782608695654     
  0.27868852459016391     
  0.18385650224215247     
  0.19526627218934911     
  0.15151515151515152     
  0.87976190476190474     
  0.85516605166051662     
  0.73984962406015042     
  0.37011615628299893     
  0.19904837430610625     
  0.58136300417246178     
  0.29901477832512313     
  0.20803159973666885     
  0.11003236245954692     
   4.0673211781206170E-002
  0.75953757225433527     
  0.64977307110438731     
  0.27905138339920948     
   6.7829457364341084E-003
   2.4906600249066002E-003
   0.0000000000000000     
  0.41321321321321319     
  0.46372881355932205     
  0.54016573651276845     
  0.31626535626535629     
  0.43654822335025378     
  0.54757281553398063     
  0.75149700598802394     
  0.44669603524229073     
  0.47912033605139609     
  0.31142825533797985     
   8.5055643879173290E-002
  0.36193593640402150     
  0.31125299281723862     
  0.43991577680854266     
   3.9553626782393055E-002
   3.6573472041612487E-002
  0.58917456021650882     
  0.59978425026968718     
  0.52388211382113825     
  0.47503566333808844     
  0.51607501674480916     
  0.52114597544338337     
  0.46935724962630793     
  0.48623853211009177     
  0.29032258064516131     
  0.47797038642109063     
  0.67597517730496459     
  0.70112359550561798     
  0.66292134831460670     
  0.41330018645121192     
  0.50951374207188160     
  0.76004728132387711     
  0.90039840637450197     
   0.0000000000000000     
  0.64246491763270286     
  0.66898844388158940     
   0.0000000000000000     
  0.56765899864682001     
  0.71996849153209930     
  0.23145318143928870     
  0.29063628785773826     
   9.2247846624062241E-002
  0.52264517921644904     
  0.81117533718689783     
   5.0096339113680152E-002
  0.13872832369942195     
   4.8695652173913043E-002
  0.71478260869565213     
  0.23652173913043478     
   3.7664783427495290E-003
   2.2598870056497175E-002
  0.97363465160075324     
  0.78436018957345977     
   9.0837282780410741E-002
  0.12480252764612954     
   6.3106796116504854E-002
  0.63349514563106801     
  0.30339805825242716     
   2.5179856115107913E-002
  0.27877697841726617     
  0.69604316546762590     
   8.7795648060548723E-002
  0.29744560075685905     
  0.24711447492904445     
  0.14815515610217597     
   7.4550614947965943E-002
  0.14493850520340587     
  0.31817076137192896     
  0.28508878618341038     
  0.14911213816589639     
   8.6596935052298707E-002
   5.2541960593529557E-002
  0.10848941863293603     
  0.14136516225289072     
  0.22827303245057814     
  0.17829168220813130     
  0.11003356956359567     
   8.3550913838120106E-002
  0.25848563968668409     
  0.65891472868217049     
  0.19883720930232557     
   6.5891472868217060E-002
   2.8294573643410852E-002
   1.6279069767441860E-002
   3.1782945736434108E-002
   7.1475409836065568E-002
  0.24262295081967214     
  0.23409836065573769     
  0.18754098360655738     
   9.1803278688524587E-002
  0.17245901639344263     
  0.13953488372093023     
  0.26675786593707251     
  0.21203830369357046     
  0.13406292749658003     
   7.9343365253077974E-002
  0.16826265389876882     
  0.10730948678071539     
  0.15085536547433903     
  0.15241057542768274     
   9.0202177293934677E-002
   8.3981337480559873E-002
  0.41524105754276830     
  0.28078817733990147     
  0.32019704433497537     
  0.14285714285714285     
   7.8817733990147784E-002
   4.9261083743842367E-002
  0.12807881773399016     
  0.41249999999999998     
  0.12500000000000000     
   6.2500000000000000E-002
   5.0000000000000003E-002
   5.0000000000000003E-002
   2.5000000000000001E-002
  0.27500000000000002     
  0.36170212765957449     
  0.10638297872340426     
   9.2198581560283682E-002
   2.8368794326241134E-002
   7.8014184397163122E-002
   4.2553191489361701E-002
  0.29078014184397161     
  0.28925035360678925     
  0.34936350777934938     
  0.13083451202263083     
   7.1428571428571425E-002
   3.7482319660537479E-002
   1.4851485148514851E-002
  0.10678925035360678     
  0.29153269024651662     
  0.21543408360128619     
  0.12325830653804930     
   7.0739549839228297E-002
   6.0021436227224008E-002
   3.8585209003215437E-002
  0.20042872454448016     
   2.6041861409715237     
   2.2012521805810583     
   3.5851715827182331     
   3.2434296626051324     
   8.7294416263702637     
   4.2932675486617891     
   6.0016298322556461     
   6.0016298322556461     
   1.5853053951668576     
   1.8074014565305627     
   2.1894761697540153     
   3.3165765785986210     
   4.6756132701121835     
   4.6104033788216601     
   7.1547924530954514     
   7.1547924530954514     
   2.5110584693025935     
   3.2354462165896889     
   3.2549806072612038     
   5.0392398845255268     
   4.9898865545470601     
   6.5738221867050557     
   5.8308127309517577     
   5.8308127309517577     
  0.75536146870942977     
  0.91155029637357443     
   1.3342482724382272     
   2.2259901257613328     
   2.3406246225283387     
   3.2269812042087733     
   1.6340282470505922     
   1.6340282470505922     
   2.8453324381528042     
   3.1725553230980661     
   2.4436548552903701     
   1.7350737640153047     
   4.6435330392272620     
   6.2593785236367419     
   4.2018010297363073     
   3.2963640076808103     
   1.6398758882991040     
   2.0185062696604503     
   2.3465903584333669     
   1.6721377840479967     
   5.5221335919187631     
   5.7471052258930575     
   4.6007570126880832     
   4.2321468230468744     
   2.5851127593131014     
   3.3158555174988948     
   3.3229464872883878     
   4.1015160531466197     
   5.3345451523602136     
   5.0641858208546227     
   5.8772567834412985     
   7.7463986366011399     
  0.82949972855588938     
  0.92184995830542782     
   1.0782646058501448     
   1.5434023058255371     
   2.0554396012019422     
   3.0131860362557896     
   3.0978000533455465     
   2.9147319423818643     
   3.3621582297014099     
   3.3405670860347971     
   3.7613997152803171     
   1.8884304352340551     
   1.9399762126401507     
